82.9,0.50,0.000,0.892,0.00000,0.00002
188.8,0.90,0.000,2.031,0.00000,0.00005
298.5,1.30,0.000,3.212,0.00000,0.00009
405.8,1.70,0.000,4.366,0.00001,0.00014
448.8,2.10,0.000,4.828,0.00001,0.00016
357.9,2.50,0.000,3.851,0.00001,0.00012
295.4,2.90,0.000,3.178,0.00000,0.00009
306.9,3.30,0.000,3.302,0.00000,0.00009
331.5,3.70,0.000,3.567,0.00000,0.00010
372.4,4.10,0.000,4.007,0.00001,0.00011
417.8,4.50,0.000,4.495,0.00001,0.00013
471.0,4.90,0.000,5.067,0.00001,0.00015
522.6,5.30,0.000,5.623,0.00001,0.00017
366.0,5.70,0.000,3.938,0.00001,0.00012
342.3,6.10,0.000,3.683,0.00001,0.00011
375.3,6.50,0.000,4.038,0.00001,0.00012
431.3,6.90,0.000,4.641,0.00001,0.00014
498.4,7.30,0.000,5.363,0.00001,0.00016
560.6,7.70,0.000,6.032,0.00001,0.00019
603.8,8.10,0.000,6.497,0.00001,0.00020
650.5,8.50,0.000,6.999,0.00001,0.00022
700.6,8.90,0.000,7.538,0.00001,0.00024
751.4,9.30,0.000,8.084,0.00001,0.00026
805.1,9.70,0.000,8.662,0.00001,0.00028
859.8,10.10,0.000,9.251,0.00001,0.00030
916.6,10.50,0.000,9.862,0.00001,0.00032
975.6,10.90,0.000,10.497,0.00001,0.00035
1035.9,11.30,0.000,11.146,0.00002,0.00037
1096.2,11.70,0.000,11.794,0.00002,0.00039
1157.4,12.10,0.000,12.453,0.00002,0.00041
1219.8,12.50,0.000,13.124,0.00002,0.00044
1282.9,12.90,0.000,13.803,0.00002,0.00047
1348.5,13.30,0.000,14.509,0.00002,0.00049
1414.5,13.70,0.000,15.220,0.00002,0.00051
1480.5,14.10,0.000,15.930,0.00002,0.00054
1545.6,14.50,0.000,16.630,0.00002,0.00056
1610.9,14.90,0.000,17.332,0.00002,0.00059
1677.3,15.30,0.000,18.047,0.00003,0.00061
1744.0,15.70,0.000,18.764,0.00003,0.00064
1810.9,16.10,0.000,19.484,0.00003,0.00067
1878.3,16.50,0.000,20.210,0.00003,0.00069
1945.5,16.90,0.000,20.933,0.00003,0.00072
2012.5,17.30,0.000,21.654,0.00003,0.00074
2079.0,17.70,0.000,22.369,0.00003,0.00077
2145.2,18.10,0.000,23.081,0.00003,0.00079
2212.9,18.50,0.000,23.809,0.00003,0.00082
2280.7,18.90,0.000,24.540,0.00003,0.00085
2349.1,19.30,0.000,25.275,0.00004,0.00087
2418.3,19.70,0.000,26.019,0.00004,0.00090
2487.4,20.10,0.000,26.763,0.00004,0.00092
2556.8,20.50,0.000,27.510,0.00004,0.00095
2626.8,20.90,0.000,28.263,0.00004,0.00098
2696.1,21.30,0.000,29.009,0.00004,0.00100
2765.9,21.70,0.000,29.760,0.00004,0.00103
2835.7,22.10,0.000,30.511,0.00004,0.00106
2905.3,22.50,0.000,31.260,0.00004,0.00109
2975.1,22.90,0.000,32.010,0.00004,0.00111
3045.9,23.30,0.000,32.773,0.00005,0.00114
3116.1,23.70,0.000,33.527,0.00005,0.00117
3187.3,24.10,0.000,34.294,0.00005,0.00119
3257.7,24.50,0.000,35.051,0.00005,0.00122
3328.8,24.90,0.000,35.816,0.00005,0.00124
3399.9,25.30,0.000,36.582,0.00005,0.00127
3472.1,25.70,0.000,37.358,0.00005,0.00130
3544.2,26.10,0.000,38.134,0.00005,0.00133
3616.7,26.50,0.000,38.914,0.00005,0.00136
3689.7,26.90,0.000,39.700,0.00006,0.00139
3761.5,27.30,0.000,40.472,0.00006,0.00141
3834.1,27.70,0.000,41.253,0.00006,0.00144
3907.1,28.10,0.000,42.039,0.00006,0.00147
3979.6,28.50,0.000,42.819,0.00006,0.00150
4052.4,28.90,0.000,43.602,0.00006,0.00152
4126.2,29.30,0.000,44.395,0.00006,0.00155
4199.7,29.70,0.000,45.187,0.00006,0.00158
4273.7,30.10,0.000,45.983,0.00006,0.00161
4347.9,30.50,0.000,46.781,0.00007,0.00164
4421.6,30.90,0.000,47.575,0.00007,0.00167
4496.0,31.30,0.000,48.375,0.00007,0.00170
4571.2,31.70,0.000,49.184,0.00007,0.00173
4646.2,32.10,0.000,49.991,0.00007,0.00176
4721.8,32.50,0.000,50.804,0.00007,0.00179
4798.2,32.90,0.000,51.626,0.00007,0.00183
4873.5,33.30,0.000,52.437,0.00007,0.00186
4949.0,33.70,0.000,53.249,0.00008,0.00189
5024.7,34.10,0.000,54.063,0.00008,0.00193
5099.9,34.50,0.000,54.872,0.00008,0.00196
5175.0,34.90,0.000,55.681,0.00008,0.00200
5250.8,35.30,0.000,56.496,0.00008,0.00203
5326.1,35.70,0.000,57.307,0.00008,0.00208
5401.9,36.10,0.000,58.121,0.00008,0.00212
5012.9,36.50,0.000,53.936,0.00018,0.00461
4933.7,36.90,0.000,53.084,0.00024,0.00612
4949.0,37.30,0.000,53.249,0.00029,0.00736
4940.0,37.70,0.000,53.151,0.00034,0.00871
4948.2,38.10,0.000,53.240,0.00039,0.00995
4847.9,38.50,0.000,52.161,0.00042,0.01066
4812.4,38.90,0.001,51.779,0.00046,0.01083
4793.1,39.30,0.001,51.572,0.00046,0.01091
4779.3,39.70,0.001,51.423,0.00046,0.01097
4769.5,40.10,0.001,51.318,0.00046,0.01102
4762.0,40.50,0.001,51.236,0.00046,0.01105
4755.8,40.90,0.001,51.170,0.00046,0.01108
4750.7,41.30,0.001,51.115,0.00046,0.01110
4746.3,41.70,0.001,51.068,0.00046,0.01112
4742.5,42.10,0.001,51.027,0.00046,0.01114
4739.1,42.50,0.001,50.991,0.00046,0.01115
4736.1,42.90,0.001,50.958,0.00046,0.01117
4733.3,43.30,0.001,50.928,0.00046,0.01118
4730.8,43.70,0.001,50.901,0.00046,0.01119
4728.4,44.10,0.001,50.875,0.00046,0.01120
4726.3,44.50,0.001,50.853,0.00046,0.01121
4724.2,44.90,0.001,50.830,0.00046,0.01121
4722.1,45.30,0.001,50.808,0.00046,0.01122
4720.4,45.70,0.001,50.789,0.00046,0.01123
4718.7,46.10,0.001,50.771,0.00046,0.01124
4717.2,46.50,0.001,50.755,0.00046,0.01124
4715.6,46.90,0.001,50.737,0.00046,0.01125
4714.1,47.30,0.001,50.722,0.00046,0.01126
4712.8,47.70,0.001,50.707,0.00046,0.01126
4711.4,48.10,0.001,50.692,0.00046,0.01127
4710.2,48.50,0.001,50.679,0.00046,0.01127
4709.0,48.90,0.001,50.666,0.00046,0.01128
4707.8,49.30,0.001,50.653,0.00046,0.01128
4706.6,49.70,0.001,50.640,0.00046,0.01129
4705.4,50.10,0.001,50.628,0.00046,0.01129
4704.5,50.50,0.001,50.618,0.00046,0.01129
4703.5,50.90,0.001,50.607,0.00046,0.01130
4702.4,51.30,0.001,50.596,0.00046,0.01130
4701.4,51.70,0.001,50.584,0.00046,0.01131
4700.4,52.10,0.001,50.574,0.00046,0.01131
4699.4,52.50,0.001,50.563,0.00046,0.01131
4698.2,52.90,0.001,50.550,0.00046,0.01132
4697.1,53.30,0.001,50.539,0.00046,0.01132
4696.3,53.70,0.001,50.530,0.00046,0.01132
4695.3,54.10,0.001,50.519,0.00046,0.01133
4694.5,54.50,0.001,50.510,0.00046,0.01133
4693.7,54.90,0.001,50.502,0.00046,0.01133
4692.9,55.30,0.001,50.494,0.00046,0.01134
4692.2,55.70,0.001,50.486,0.00046,0.01134
4691.5,56.10,0.001,50.478,0.00046,0.01134
4690.7,56.50,0.001,50.470,0.00046,0.01135
4690.0,56.90,0.001,50.462,0.00046,0.01135
4689.4,57.30,0.001,50.456,0.00046,0.01135
4688.7,57.70,0.001,50.448,0.00046,0.01136
4688.1,58.10,0.001,50.442,0.00046,0.01136
4687.5,58.50,0.001,50.435,0.00046,0.01136
4686.8,58.90,0.001,50.428,0.00046,0.01136
4686.2,59.30,0.001,50.422,0.00046,0.01136
4685.7,59.70,0.001,50.416,0.00046,0.01137
4685.1,60.10,0.001,50.409,0.00046,0.01137
4684.6,60.50,0.001,50.404,0.00046,0.01137
4684.1,60.90,0.001,50.398,0.00046,0.01138
4683.6,61.30,0.001,50.393,0.00046,0.01138
4683.1,61.70,0.001,50.388,0.00046,0.01138
4682.5,62.10,0.001,50.381,0.00046,0.01139
4682.0,62.50,0.001,50.376,0.00046,0.01140
4681.6,62.90,0.001,50.371,0.00046,0.01142
4681.0,63.30,0.001,50.365,0.00046,0.01147
4680.5,63.70,0.001,50.360,0.00046,0.01154
4680.1,64.10,0.001,50.355,0.00046,0.01158
4679.6,64.50,0.001,50.351,0.00046,0.01160
4679.2,64.90,0.001,50.346,0.00046,0.01154
4678.8,65.30,0.001,50.341,0.00046,0.01154
4678.3,65.70,0.001,50.337,0.00046,0.01172
4678.0,66.10,0.001,50.333,0.00046,0.01169
4677.5,66.50,0.001,50.328,0.00046,0.01167
4677.2,66.90,0.001,50.324,0.00046,0.01167
4676.8,67.30,0.001,50.320,0.00046,0.01167
4676.4,67.70,0.001,50.316,0.00046,0.01167
4676.0,68.10,0.001,50.311,0.00046,0.01167
4675.7,68.50,0.001,50.308,0.00046,0.01167
4675.3,68.90,0.001,50.304,0.00046,0.01168
4674.9,69.30,0.001,50.299,0.00046,0.01168
4674.5,69.70,0.001,50.296,0.00046,0.01168
4674.1,70.10,0.001,50.291,0.00046,0.01168
4673.8,70.50,0.001,50.288,0.00046,0.01168
4673.4,70.90,0.001,50.284,0.00046,0.01168
4673.1,71.30,0.001,50.280,0.00046,0.01168
4672.8,71.70,0.001,50.277,0.00046,0.01171
4672.5,72.10,0.001,50.274,0.00046,0.01164
4672.3,72.50,0.001,50.271,0.00046,0.01171
4671.9,72.90,0.001,50.267,0.00046,0.01179
4671.5,73.30,0.001,50.263,0.00046,0.01178
4671.2,73.70,0.001,50.260,0.00046,0.01170
4670.9,74.10,0.001,50.257,0.00046,0.01179
4670.7,74.50,0.001,50.254,0.00046,0.01174
4670.3,74.90,0.001,50.250,0.00046,0.01174
4670.0,75.30,0.001,50.247,0.00046,0.01175
4669.7,75.70,0.001,50.244,0.00046,0.01176
4669.4,76.10,0.001,50.240,0.00046,0.01176
4669.2,76.50,0.001,50.239,0.00046,0.01176
4668.9,76.90,0.001,50.235,0.00046,0.01176
4668.6,77.30,0.001,50.232,0.00046,0.01176
4668.4,77.70,0.001,50.230,0.00046,0.01187
4668.0,78.10,0.001,50.225,0.00046,0.01216
4667.8,78.50,0.001,50.223,0.00046,0.01219
4667.5,78.90,0.001,50.220,0.00046,0.01228
4667.2,79.30,0.001,50.217,0.00046,0.01243
4667.0,79.70,0.001,50.215,0.00046,0.01237
4666.7,80.10,0.001,50.212,0.00046,0.01230
4666.5,80.50,0.001,50.209,0.00046,0.01231
4666.2,80.90,0.001,50.206,0.00046,0.01231
4666.0,81.30,0.001,50.204,0.00046,0.01229
4665.8,81.70,0.001,50.202,0.00046,0.01233
4665.7,82.10,0.001,50.201,0.00046,0.01235
4665.6,82.50,0.001,50.199,0.00046,0.01264
4665.3,82.90,0.001,50.197,0.00046,0.01249
4665.2,83.30,0.001,50.196,0.00046,0.01256
4664.7,83.70,0.001,50.190,0.00046,0.01243
4664.5,84.10,0.001,50.188,0.00046,0.01322
4664.2,84.50,0.001,50.185,0.00046,0.01348
4664.0,84.90,0.001,50.182,0.00046,0.01366
4663.8,85.30,0.001,50.180,0.00046,0.01359
4663.6,85.70,0.001,50.178,0.00046,0.01354
4663.5,86.10,0.001,50.177,0.00046,0.01354
4663.5,86.50,0.001,50.177,0.00046,0.01368
4663.3,86.90,0.001,50.175,0.00046,0.01373
4663.2,87.30,0.001,50.173,0.00046,0.01390
4662.7,87.70,0.001,50.169,0.00046,0.01425
4662.4,88.10,0.001,50.165,0.00046,0.01507
4662.1,88.50,0.001,50.162,0.00046,0.01552
4662.1,88.90,0.001,50.162,0.00046,0.01657
4661.9,89.30,0.001,50.160,0.00046,0.01715
4661.6,89.70,0.001,50.156,0.00046,0.02714
4661.4,90.10,0.001,50.155,0.00046,0.02752
4661.3,90.50,0.001,50.153,0.00046,0.02754
4661.0,90.90,0.001,50.150,0.00046,0.02661
4660.8,91.30,0.001,50.148,0.00046,0.02640
4660.7,91.70,0.001,50.147,0.00046,0.02368
4660.5,92.10,0.001,50.145,0.00046,0.02378
4660.4,92.50,0.001,50.143,0.00046,0.02189
4660.2,92.90,0.001,50.142,0.00046,0.02093
4660.0,93.30,0.001,50.139,0.00046,0.02116
4659.8,93.70,0.001,50.137,0.00046,0.02219
4659.7,94.10,0.001,50.136,0.00046,0.02024
4659.5,94.50,0.001,50.134,0.00046,0.01852
4659.4,94.90,0.001,50.132,0.00046,0.01824
4659.2,95.30,0.001,50.131,0.00046,0.01801
4659.1,95.70,0.001,50.129,0.00046,0.01778
4658.9,96.10,0.001,50.127,0.00046,0.01753
4658.8,96.50,0.001,50.126,0.00046,0.01730
4658.6,96.90,0.001,50.124,0.00046,0.01723
4658.4,97.30,0.001,50.122,0.00046,0.01706
4658.3,97.70,0.001,50.121,0.00046,0.01692
4658.1,98.10,0.001,50.119,0.00046,0.01683
4658.0,98.50,0.001,50.118,0.00046,0.01676
4657.8,98.90,0.001,50.116,0.00046,0.01670
4657.7,99.30,0.001,50.115,0.00046,0.01667
4657.6,99.70,0.001,50.114,0.00046,0.01664
4657.5,100.10,0.001,50.112,0.00046,0.01661
4657.3,100.50,0.001,50.111,0.00046,0.01658
4657.2,100.90,0.001,50.110,0.00046,0.01656
4657.0,101.30,0.001,50.107,0.00046,0.01653
4657.0,101.70,0.001,50.107,0.00046,0.01651
4656.9,102.10,0.001,50.105,0.00046,0.01650
4656.7,102.50,0.001,50.103,0.00046,0.01649
4656.5,102.90,0.001,50.102,0.00046,0.01648
4656.3,103.30,0.001,50.099,0.00046,0.01646
4656.2,103.70,0.001,50.099,0.00046,0.01645
4656.0,104.10,0.001,50.096,0.00046,0.01643
4656.0,104.50,0.001,50.096,0.00046,0.01641
4655.8,104.90,0.001,50.094,0.00046,0.01639
4655.7,105.30,0.001,50.093,0.00046,0.01637
4655.2,105.70,0.001,50.088,0.00046,0.01636
4655.3,106.10,0.001,50.088,0.00046,0.01634
4655.2,106.50,0.001,50.088,0.00046,0.01632
4655.1,106.90,0.001,50.087,0.00046,0.01631
4655.0,107.30,0.001,50.085,0.00046,0.01629
4654.8,107.70,0.001,50.083,0.00046,0.01628
4654.6,108.10,0.001,50.082,0.00046,0.01626
4654.5,108.50,0.001,50.080,0.00046,0.01625
4654.4,108.90,0.001,50.079,0.00046,0.01625
4654.3,109.30,0.001,50.078,0.00046,0.01624
4654.2,109.70,0.001,50.077,0.00046,0.01623
4654.1,110.10,0.001,50.075,0.00046,0.01622
4653.9,110.50,0.001,50.074,0.00046,0.01620
4653.8,110.90,0.001,50.072,0.00046,0.01619
4653.7,111.30,0.001,50.071,0.00046,0.01618
4653.6,111.70,0.001,50.070,0.00046,0.01616
4653.5,112.10,0.001,50.069,0.00046,0.01615
4653.3,112.50,0.001,50.067,0.00046,0.01614
4653.2,112.90,0.001,50.066,0.00046,0.01613
4653.0,113.30,0.001,50.064,0.00046,0.01612
4652.9,113.70,0.001,50.063,0.00046,0.01611
4652.9,114.10,0.001,50.062,0.00046,0.01610
4652.7,114.50,0.001,50.061,0.00046,0.01610
4652.6,114.90,0.001,50.060,0.00046,0.01609
4652.5,115.30,0.001,50.059,0.00046,0.01608
4652.4,115.70,0.001,50.057,0.00046,0.01607
4652.2,116.10,0.001,50.056,0.00046,0.01606
4652.1,116.50,0.001,50.055,0.00046,0.01605
4652.0,116.90,0.001,50.053,0.00046,0.01604
4651.9,117.30,0.001,50.052,0.00046,0.01603
4651.9,117.70,0.001,50.052,0.00046,0.01602
4651.7,118.10,0.001,50.050,0.00046,0.01601
4651.7,118.50,0.001,50.050,0.00046,0.01600
4651.5,118.90,0.001,50.048,0.00046,0.01600
4663.8,119.30,0.001,50.180,0.00049,0.01599
4928.9,119.70,0.002,53.032,0.00085,0.01599
5007.3,120.10,0.003,53.876,0.00123,0.01599
4998.7,120.50,0.005,53.783,0.00160,0.01599
5009.1,120.90,0.006,53.895,0.00198,0.01598
5005.2,121.30,0.007,53.854,0.00236,0.01598
4999.2,121.70,0.009,53.788,0.00273,0.01597
5008.5,122.10,0.010,53.889,0.00311,0.01597
5021.7,122.50,0.011,54.031,0.00348,0.01597
5038.1,122.90,0.013,54.208,0.00385,0.01596
5044.9,123.30,0.014,54.280,0.00423,0.01596
5044.8,123.70,0.015,54.279,0.00460,0.01595
5054.0,124.10,0.017,54.379,0.00497,0.01595
5071.2,124.50,0.018,54.563,0.00535,0.01594
5081.1,124.90,0.019,54.670,0.00572,0.01594
5083.7,125.30,0.021,54.698,0.00610,0.01594
5100.1,125.70,0.022,54.874,0.00647,0.01593
5097.7,126.10,0.023,54.849,0.00685,0.01593
5099.0,126.50,0.025,54.862,0.00723,0.01592
5117.6,126.90,0.026,55.062,0.00760,0.01591
5120.8,127.30,0.027,55.097,0.00798,0.01591
5116.6,127.70,0.029,55.052,0.00835,0.01590
5113.9,128.10,0.030,55.023,0.00872,0.01590
5104.2,128.50,0.031,54.919,0.00910,0.01589
5080.1,128.90,0.033,54.659,0.00947,0.01589
5075.9,129.30,0.034,54.614,0.00984,0.01588
5085.7,129.70,0.035,54.720,0.01022,0.01588
5093.2,130.10,0.037,54.801,0.01059,0.01588
5104.8,130.50,0.038,54.925,0.01097,0.01587
5121.7,130.90,0.039,55.107,0.01134,0.01587
5131.4,131.30,0.041,55.211,0.01172,0.01586
5135.5,131.70,0.042,55.255,0.01210,0.01586
5141.6,132.10,0.043,55.321,0.01247,0.01586
5160.9,132.50,0.045,55.528,0.01285,0.01585
5178.5,132.90,0.046,55.718,0.01322,0.01585
5206.1,133.30,0.047,56.015,0.01360,0.01584
5220.8,133.70,0.049,56.173,0.01397,0.01584
5237.2,134.10,0.050,56.350,0.01434,0.01583
5261.2,134.50,0.051,56.608,0.01471,0.01583
5281.4,134.90,0.053,56.826,0.01509,0.01582
5305.9,135.30,0.054,57.088,0.01546,0.01582
5325.8,135.70,0.055,57.303,0.01584,0.01581
5349.2,136.10,0.057,57.555,0.01621,0.01581
5369.5,136.50,0.058,57.773,0.01659,0.01581
5389.4,136.90,0.059,57.987,0.01696,0.01580
5409.1,137.30,0.061,58.199,0.01734,0.01580
5428.2,137.70,0.062,58.405,0.01771,0.01580
5446.5,138.10,0.063,58.602,0.01809,0.01579
5463.4,138.50,0.065,58.783,0.01846,0.01579
5480.2,138.90,0.066,58.964,0.01883,0.01579
5498.7,139.30,0.067,59.163,0.01921,0.01578
5515.7,139.70,0.069,59.346,0.01958,0.01578
5532.1,140.10,0.070,59.523,0.01996,0.01578
5549.3,140.50,0.071,59.708,0.02033,0.01578
5565.5,140.90,0.073,59.882,0.02070,0.01577
5581.0,141.30,0.074,60.049,0.02107,0.01577
5596.2,141.70,0.075,60.212,0.02145,0.01577
5611.6,142.10,0.077,60.378,0.02183,0.01577
5627.3,142.50,0.078,60.547,0.02220,0.01576
5642.4,142.90,0.079,60.710,0.02258,0.01576
5658.2,143.30,0.081,60.879,0.02295,0.01576
5673.0,143.70,0.082,61.039,0.02333,0.01576
5687.7,144.10,0.083,61.196,0.02370,0.01575
5702.7,144.50,0.085,61.358,0.02408,0.01575
5717.1,144.90,0.086,61.513,0.02445,0.01575
5731.3,145.30,0.087,61.666,0.02482,0.01574
5746.6,145.70,0.089,61.830,0.02519,0.01574
5761.0,146.10,0.090,61.986,0.02557,0.01573
5775.3,146.50,0.091,62.140,0.02594,0.01573
5790.3,146.90,0.093,62.301,0.02631,0.01573
5804.6,147.30,0.094,62.455,0.02669,0.01572
5818.5,147.70,0.095,62.604,0.02706,0.01572
5832.2,148.10,0.097,62.752,0.02744,0.01572
5846.4,148.50,0.098,62.905,0.02781,0.01572
5860.7,148.90,0.099,63.059,0.02819,0.01572
5874.4,149.30,0.101,63.205,0.02856,0.01572
5888.5,149.70,0.102,63.357,0.02894,0.01572
5901.7,150.10,0.103,63.499,0.02931,0.01571
5914.7,150.50,0.105,63.639,0.02968,0.01571
5928.1,150.90,0.106,63.784,0.03005,0.01571
5941.0,151.30,0.107,63.923,0.03043,0.01570
5953.9,151.70,0.109,64.061,0.03080,0.01570
5966.8,152.10,0.110,64.199,0.03117,0.01570
5979.5,152.50,0.111,64.336,0.03155,0.01569
5992.2,152.90,0.113,64.473,0.03192,0.01569
6005.3,153.30,0.114,64.614,0.03229,0.01569
6018.4,153.70,0.115,64.755,0.03267,0.01569
6031.0,154.10,0.117,64.890,0.03304,0.01568
6043.1,154.50,0.118,65.021,0.03342,0.01568
6055.3,154.90,0.119,65.152,0.03379,0.01568
6067.6,155.30,0.121,65.284,0.03417,0.01567
6079.2,155.70,0.122,65.409,0.03454,0.01567
6091.3,156.10,0.123,65.539,0.03491,0.01567
6103.6,156.50,0.125,65.671,0.03529,0.01567
6116.3,156.90,0.126,65.809,0.03566,0.01566
6126.7,157.30,0.127,65.920,0.03603,0.01566
6139.1,157.70,0.129,66.054,0.03640,0.01566
6149.0,158.10,0.130,66.160,0.03677,0.01566
6161.4,158.50,0.131,66.294,0.03715,0.01566
6173.0,158.90,0.133,66.418,0.03752,0.01565
6184.8,159.30,0.134,66.545,0.03789,0.01565
6196.3,159.70,0.135,66.670,0.03827,0.01565
6207.5,160.10,0.137,66.790,0.03864,0.01565
6218.7,160.50,0.138,66.910,0.03902,0.01564
6228.1,160.90,0.139,67.011,0.03940,0.01564
6239.6,161.30,0.141,67.135,0.03977,0.01564
6250.2,161.70,0.142,67.249,0.04014,0.01564
6260.8,162.10,0.143,67.364,0.04051,0.01564
6271.1,162.50,0.145,67.474,0.04089,0.01563
6282.2,162.90,0.146,67.594,0.04126,0.01563
6292.2,163.30,0.147,67.701,0.04163,0.01563
6303.0,163.70,0.149,67.817,0.04200,0.01563
6312.1,164.10,0.150,67.915,0.04238,0.01563
6323.2,164.50,0.151,68.035,0.04275,0.01563
6332.8,164.90,0.153,68.138,0.04312,0.01563
6344.5,165.30,0.154,68.264,0.04349,0.01562
6352.6,165.70,0.155,68.351,0.04387,0.01562
6364.6,166.10,0.157,68.480,0.04424,0.01562
6372.8,166.50,0.158,68.568,0.04461,0.01562
6384.0,166.90,0.159,68.689,0.04499,0.01562
6392.1,167.30,0.161,68.776,0.04536,0.01561
6403.2,167.70,0.162,68.895,0.04574,0.01561
6411.0,168.10,0.163,68.979,0.04611,0.01561
6420.9,168.50,0.165,69.086,0.04649,0.01561
6429.8,168.90,0.166,69.181,0.04686,0.01561
6438.6,169.30,0.167,69.276,0.04723,0.01561
6449.2,169.70,0.169,69.391,0.04760,0.01560
6456.9,170.10,0.170,69.473,0.04797,0.01560
6466.5,170.50,0.171,69.577,0.04835,0.01560
6473.8,170.90,0.173,69.655,0.04872,0.01560
6484.8,171.30,0.174,69.774,0.04909,0.01560
6491.8,171.70,0.175,69.849,0.04946,0.01560
6502.1,172.10,0.177,69.960,0.04984,0.01560
6509.6,172.50,0.178,70.039,0.05021,0.01560
6520.4,172.90,0.179,70.156,0.05059,0.01559
6526.8,173.30,0.181,70.225,0.05096,0.01559
6537.7,173.70,0.182,70.342,0.05134,0.01559
6542.5,174.10,0.183,70.394,0.05171,0.01560
6552.9,174.50,0.185,70.505,0.05208,0.01559
6559.4,174.90,0.186,70.575,0.05245,0.01559
6569.4,175.30,0.187,70.683,0.05282,0.01559
6576.6,175.70,0.189,70.761,0.05320,0.01559
6585.5,176.10,0.190,70.856,0.05357,0.01559
6592.6,176.50,0.191,70.933,0.05394,0.01558
6600.7,176.90,0.193,71.020,0.05432,0.01558
6608.0,177.30,0.194,71.098,0.05469,0.01558
6616.3,177.70,0.195,71.188,0.05506,0.01558
6624.7,178.10,0.197,71.278,0.05543,0.01558
6632.1,178.50,0.198,71.358,0.05581,0.01558
6640.7,178.90,0.199,71.450,0.05619,0.01558
6646.7,179.30,0.201,71.515,0.05656,0.01558
6655.2,179.70,0.202,71.607,0.05693,0.01558
6660.6,180.10,0.203,71.665,0.05731,0.01557
6669.3,180.50,0.205,71.758,0.05768,0.01557
6674.8,180.90,0.206,71.818,0.05805,0.01557
6684.1,181.30,0.207,71.918,0.05843,0.01557
6689.0,181.70,0.209,71.970,0.05880,0.01557
6698.6,182.10,0.210,72.074,0.05917,0.01556
6702.7,182.50,0.211,72.118,0.05954,0.01556
6712.2,182.90,0.213,72.220,0.05991,0.01556
6717.8,183.30,0.214,72.280,0.06029,0.01556
6726.0,183.70,0.215,72.368,0.06067,0.01555
6731.3,184.10,0.217,72.425,0.06104,0.01555
6739.9,184.50,0.218,72.518,0.06142,0.01555
6744.3,184.90,0.219,72.565,0.06179,0.01555
6753.1,185.30,0.221,72.660,0.06217,0.01555
6757.9,185.70,0.222,72.712,0.06254,0.01554
6766.1,186.10,0.223,72.799,0.06291,0.01554
6770.5,186.50,0.225,72.847,0.06329,0.01554
6778.2,186.90,0.226,72.930,0.06366,0.01554
6783.7,187.30,0.227,72.989,0.06403,0.01553
6790.4,187.70,0.229,73.061,0.06441,0.01553
6796.6,188.10,0.230,73.128,0.06478,0.01553
6802.1,188.50,0.231,73.188,0.06515,0.01553
6808.8,188.90,0.233,73.259,0.06553,0.01552
6814.3,189.30,0.234,73.318,0.06590,0.01552
6821.4,189.70,0.235,73.395,0.06628,0.01552
6825.6,190.10,0.237,73.440,0.06665,0.01552
6833.2,190.50,0.238,73.522,0.06703,0.01552
6837.2,190.90,0.239,73.564,0.06740,0.01551
6844.2,191.30,0.241,73.640,0.06778,0.01551
6849.4,191.70,0.242,73.696,0.06815,0.01551
6855.9,192.10,0.243,73.766,0.06853,0.01551
6860.3,192.50,0.245,73.814,0.06890,0.01551
6866.6,192.90,0.246,73.881,0.06928,0.01551
6870.7,193.30,0.247,73.926,0.06965,0.01551
6877.0,193.70,0.249,73.993,0.07002,0.01550
6882.0,194.10,0.250,74.047,0.07039,0.01550
6889.4,194.50,0.251,74.126,0.07077,0.01550
6892.5,194.90,0.253,74.160,0.07115,0.01550
6899.5,195.30,0.254,74.235,0.07152,0.01550
6903.0,195.70,0.255,74.273,0.07189,0.01549
6910.3,196.10,0.257,74.351,0.07227,0.01549
6912.9,196.50,0.258,74.379,0.07264,0.01550
6920.6,196.90,0.259,74.462,0.07302,0.01549
6923.0,197.30,0.261,74.488,0.07339,0.01549
6930.8,197.70,0.262,74.572,0.07377,0.01549
6933.3,198.10,0.263,74.599,0.07414,0.01549
6940.3,198.50,0.265,74.674,0.07452,0.01549
6942.2,198.90,0.266,74.695,0.07489,0.01549
6949.0,199.30,0.267,74.768,0.07527,0.01549
6951.3,199.70,0.269,74.792,0.07564,0.01549
6958.4,200.10,0.270,74.869,0.07602,0.01549
6961.0,200.50,0.271,74.897,0.07639,0.01549
6967.6,200.90,0.273,74.968,0.07676,0.01549
6970.5,201.30,0.274,75.000,0.07714,0.01548
6976.6,201.70,0.275,75.064,0.07751,0.01548
6980.0,202.10,0.277,75.101,0.07788,0.01548
6985.2,202.50,0.278,75.157,0.07826,0.01548
6988.9,202.90,0.279,75.197,0.07863,0.01547
6992.6,203.30,0.281,75.237,0.07900,0.01547
6998.3,203.70,0.282,75.298,0.07938,0.01547
7001.4,204.10,0.283,75.332,0.07975,0.01547
7006.8,204.50,0.285,75.390,0.08013,0.01547
7010.2,204.90,0.286,75.426,0.08050,0.01547
7015.0,205.30,0.287,75.478,0.08087,0.01546
7017.3,205.70,0.289,75.502,0.08124,0.01546
7023.0,206.10,0.290,75.564,0.08163,0.01546
7025.0,206.50,0.291,75.585,0.08199,0.01546
7031.8,206.90,0.293,75.658,0.08237,0.01546
7033.0,207.30,0.294,75.672,0.08274,0.01546
7039.9,207.70,0.295,75.746,0.08312,0.01546
7041.7,208.10,0.297,75.765,0.08349,0.01545
7046.5,208.50,0.298,75.816,0.08387,0.01545
7049.1,208.90,0.299,75.845,0.08424,0.01545
7052.4,209.30,0.301,75.880,0.08462,0.01545
7056.3,209.70,0.302,75.922,0.08499,0.01545
7059.7,210.10,0.303,75.958,0.08536,0.01545
7064.6,210.50,0.305,76.011,0.08574,0.01545
7066.8,210.90,0.306,76.036,0.08611,0.01545
7072.3,211.30,0.307,76.094,0.08648,0.01544
7073.3,211.70,0.309,76.105,0.08685,0.01544
7078.9,212.10,0.310,76.166,0.08723,0.01544
7079.5,212.50,0.311,76.172,0.08760,0.01544
7085.4,212.90,0.313,76.235,0.08798,0.01544
7087.8,213.30,0.314,76.261,0.08835,0.01544
7091.7,213.70,0.315,76.303,0.08872,0.01544
7094.8,214.10,0.317,76.336,0.08910,0.01544
7098.0,214.50,0.318,76.371,0.08947,0.01544
7101.9,214.90,0.319,76.412,0.08985,0.01544
7102.9,215.30,0.321,76.424,0.09022,0.01544
7108.1,215.70,0.322,76.480,0.09059,0.01544
7109.1,216.10,0.323,76.490,0.09096,0.01544
7114.8,216.50,0.325,76.552,0.09134,0.01544
7115.4,216.90,0.326,76.558,0.09171,0.01544
7120.8,217.30,0.327,76.616,0.09209,0.01544
7121.2,217.70,0.329,76.620,0.09246,0.01544
7126.1,218.10,0.330,76.673,0.09283,0.01544
7127.5,218.50,0.331,76.688,0.09320,0.01544
7130.6,218.90,0.333,76.722,0.09358,0.01543
7133.6,219.30,0.334,76.754,0.09395,0.01544
7136.0,219.70,0.335,76.780,0.09433,0.01543
7140.2,220.10,0.337,76.825,0.09470,0.01543
7140.4,220.50,0.338,76.827,0.09507,0.01543
7146.1,220.90,0.339,76.889,0.09545,0.01543
7146.8,221.30,0.341,76.896,0.09582,0.01543
7150.1,221.70,0.342,76.931,0.09620,0.01543
7151.4,222.10,0.343,76.946,0.09657,0.01543
7154.5,222.50,0.345,76.978,0.09694,0.01542
7157.6,222.90,0.346,77.012,0.09732,0.01542
7159.1,223.30,0.347,77.029,0.09769,0.01542
7163.4,223.70,0.349,77.074,0.09806,0.01542
7164.2,224.10,0.350,77.083,0.09843,0.01541
7169.2,224.50,0.351,77.137,0.09881,0.01541
7168.9,224.90,0.353,77.134,0.09918,0.01541
7172.9,225.30,0.354,77.177,0.09956,0.01540
7173.8,225.70,0.355,77.187,0.09994,0.01540
7174.0,225.78,0.356,77.189,0.10001,0.01541
7224.9,225.90,0.356,77.737,0.10023,0.01540
7237.7,226.00,0.357,77.874,0.10045,0.01540
7239.1,226.10,0.358,77.889,0.10070,0.01540
7238.1,226.20,0.359,77.879,0.10093,0.01540
7236.1,226.30,0.360,77.857,0.10117,0.01540
7234.1,226.40,0.360,77.835,0.10140,0.01540
7233.0,226.50,0.361,77.823,0.10163,0.01540
7233.7,226.60,0.362,77.831,0.10187,0.01540
7235.2,226.70,0.363,77.847,0.10210,0.01540
7236.3,226.80,0.364,77.859,0.10233,0.01540
7237.6,226.90,0.365,77.873,0.10257,0.01540
7237.4,227.00,0.365,77.871,0.10280,0.01540
7236.7,227.10,0.366,77.863,0.10303,0.01540
7238.8,227.20,0.367,77.886,0.10327,0.01540
7240.5,227.30,0.368,77.904,0.10350,0.01540
7242.2,227.40,0.369,77.923,0.10373,0.01540
7244.1,227.50,0.370,77.943,0.10397,0.01539
7244.2,227.60,0.370,77.943,0.10420,0.01539
7243.9,227.70,0.371,77.941,0.10443,0.01539
7244.9,227.80,0.372,77.951,0.10467,0.01539
7247.5,227.90,0.373,77.979,0.10491,0.01539
7248.8,228.00,0.374,77.994,0.10514,0.01539
7250.6,228.10,0.375,78.013,0.10537,0.01539
7251.3,228.20,0.375,78.021,0.10560,0.01539
7251.0,228.30,0.376,78.017,0.10583,0.01539
7252.0,228.40,0.377,78.028,0.10607,0.01539
7254.0,228.50,0.378,78.049,0.10631,0.01539
7256.3,228.60,0.379,78.074,0.10655,0.01539
7257.1,228.70,0.380,78.083,0.10678,0.01539
7257.3,228.80,0.380,78.084,0.10701,0.01539
7257.5,228.90,0.381,78.087,0.10724,0.01539
7257.7,229.00,0.382,78.089,0.10747,0.01539
7259.7,229.10,0.383,78.111,0.10771,0.01539
7262.4,229.20,0.384,78.140,0.10794,0.01539
7263.2,229.30,0.385,78.149,0.10817,0.01539
7263.2,229.40,0.385,78.148,0.10841,0.01538
7263.7,229.50,0.386,78.154,0.10864,0.01539
7264.7,229.60,0.387,78.165,0.10887,0.01538
7265.0,229.70,0.388,78.168,0.10911,0.01538
7268.0,229.80,0.389,78.200,0.10934,0.01538
7269.7,229.90,0.390,78.218,0.10958,0.01538
7268.9,230.00,0.390,78.210,0.10980,0.01538
7269.5,230.10,0.391,78.216,0.11004,0.01538
7270.1,230.20,0.392,78.223,0.11027,0.01538
7271.8,230.30,0.393,78.240,0.11050,0.01538
7274.1,230.40,0.394,78.265,0.11074,0.01538
7276.0,230.50,0.395,78.286,0.11097,0.01538
7276.0,230.60,0.395,78.286,0.11121,0.01538
7275.6,230.70,0.396,78.282,0.11144,0.01538
7276.6,230.80,0.397,78.293,0.11168,0.01538
7278.2,230.90,0.398,78.309,0.11191,0.01538
7279.8,231.00,0.399,78.327,0.11215,0.01538
7280.5,231.10,0.400,78.335,0.11238,0.01538
7280.9,231.20,0.400,78.339,0.11261,0.01538
7280.3,231.30,0.401,78.332,0.11285,0.01538
7280.6,231.40,0.402,78.335,0.11308,0.01538
7283.2,231.50,0.403,78.364,0.11332,0.01538
7284.6,231.60,0.404,78.379,0.11355,0.01538
7285.0,231.70,0.405,78.383,0.11378,0.01538
7285.6,231.80,0.405,78.390,0.11402,0.01538
7285.3,231.90,0.406,78.386,0.11424,0.01538
7284.6,232.00,0.407,78.379,0.11447,0.01538
7286.3,232.10,0.408,78.397,0.11471,0.01538
7288.5,232.20,0.409,78.420,0.11494,0.01538
7288.7,232.30,0.410,78.422,0.11518,0.01538
7289.1,232.40,0.410,78.427,0.11541,0.01538
7289.5,232.50,0.411,78.431,0.11564,0.01538
7289.0,232.60,0.412,78.426,0.11587,0.01538
7290.7,232.70,0.413,78.444,0.11611,0.01538
7292.7,232.80,0.414,78.466,0.11635,0.01538
7293.9,232.90,0.415,78.478,0.11658,0.01538
7293.6,233.00,0.415,78.475,0.11682,0.01538
7292.4,233.10,0.416,78.463,0.11705,0.01538
7293.2,233.20,0.417,78.472,0.11729,0.01538
7293.5,233.30,0.418,78.474,0.11752,0.01538
7295.3,233.40,0.419,78.494,0.11775,0.01538
7297.1,233.50,0.420,78.513,0.11799,0.01538
7296.9,233.60,0.420,78.511,0.11822,0.01537
7296.2,233.70,0.421,78.503,0.11845,0.01538
7295.9,233.80,0.422,78.501,0.11869,0.01537
7296.9,233.90,0.423,78.511,0.11892,0.01537
7297.5,234.00,0.424,78.518,0.11916,0.01537
7299.1,234.10,0.425,78.535,0.11939,0.01537
7299.0,234.20,0.425,78.534,0.11962,0.01537
7297.3,234.30,0.426,78.516,0.11985,0.01537
7297.5,234.40,0.427,78.518,0.12008,0.01537
7299.0,234.50,0.428,78.534,0.12032,0.01537
7300.6,234.60,0.429,78.550,0.12055,0.01537
7301.6,234.70,0.430,78.561,0.12079,0.01537
7302.2,234.80,0.430,78.568,0.12102,0.01537
7301.2,234.90,0.431,78.557,0.12125,0.01537
7300.0,235.00,0.432,78.544,0.12148,0.01537
7300.6,235.10,0.433,78.551,0.12172,0.01537
7301.7,235.20,0.434,78.562,0.12196,0.01537
7303.0,235.30,0.435,78.577,0.12219,0.01537
7303.4,235.40,0.435,78.581,0.12242,0.01537
7302.7,235.50,0.436,78.573,0.12266,0.01537
7302.2,235.60,0.437,78.568,0.12289,0.01537
7301.5,235.70,0.438,78.561,0.12313,0.01537
7303.6,235.80,0.439,78.583,0.12336,0.01537
7304.0,235.90,0.440,78.588,0.12360,0.01537
7303.0,236.00,0.440,78.577,0.12383,0.01537
7302.4,236.10,0.441,78.570,0.12407,0.01537
7301.5,236.20,0.442,78.560,0.12430,0.01537
7301.0,236.30,0.443,78.555,0.12453,0.01537
7301.9,236.40,0.444,78.564,0.12477,0.01537
7303.5,236.50,0.445,78.582,0.12500,0.01537
7302.4,236.60,0.445,78.570,0.12524,0.01537
7301.5,236.70,0.446,78.560,0.12547,0.01537
7300.9,236.80,0.447,78.554,0.12570,0.01537
7300.5,236.90,0.448,78.549,0.12593,0.01537
7301.8,237.00,0.449,78.563,0.12616,0.01537
7302.7,237.10,0.450,78.574,0.12640,0.01536
7302.3,237.20,0.450,78.569,0.12663,0.01536
7300.9,237.30,0.451,78.554,0.12687,0.01537
7299.5,237.40,0.452,78.539,0.12710,0.01536
7300.1,237.50,0.453,78.545,0.12733,0.01536
7300.4,237.60,0.454,78.549,0.12757,0.01536
7301.2,237.70,0.455,78.557,0.12780,0.01536
7300.8,237.80,0.455,78.553,0.12804,0.01536
7298.8,237.90,0.456,78.532,0.12827,0.01536
7297.7,238.00,0.457,78.519,0.12851,0.01536
7297.7,238.10,0.458,78.520,0.12875,0.01536
7298.8,238.20,0.459,78.532,0.12899,0.01536
7297.9,238.30,0.460,78.521,0.12922,0.01536
7297.3,238.40,0.460,78.515,0.12946,0.01536
7294.9,238.50,0.461,78.490,0.12968,0.01536
7292.7,238.60,0.462,78.466,0.12991,0.01536
7293.1,238.70,0.463,78.470,0.13015,0.01536
7293.8,238.80,0.464,78.477,0.13038,0.01536
7293.9,238.90,0.465,78.478,0.13062,0.01536
7292.0,239.00,0.465,78.459,0.13085,0.01536
7290.1,239.10,0.466,78.438,0.13109,0.01536
7288.4,239.20,0.467,78.419,0.13132,0.01536
7287.4,239.30,0.468,78.409,0.13155,0.01536
7287.8,239.40,0.469,78.413,0.13179,0.01536
7287.6,239.50,0.470,78.411,0.13202,0.01536
7285.6,239.60,0.470,78.389,0.13225,0.01536
7283.8,239.70,0.471,78.370,0.13249,0.01536
7281.8,239.80,0.472,78.349,0.13272,0.01536
7281.6,239.90,0.473,78.346,0.13296,0.01536
7281.0,240.00,0.474,78.340,0.13319,0.01536
7280.7,240.10,0.475,78.336,0.13343,0.01536
7278.7,240.20,0.475,78.315,0.13366,0.01536
7275.5,240.30,0.476,78.281,0.13389,0.01536
7273.6,240.40,0.477,78.260,0.13413,0.01536
7272.3,240.50,0.478,78.246,0.13436,0.01536
7271.3,240.60,0.479,78.235,0.13460,0.01536
7270.4,240.70,0.480,78.226,0.13484,0.01536
7268.5,240.80,0.481,78.205,0.13507,0.01535
7264.9,240.90,0.481,78.167,0.13530,0.01535
7262.1,241.00,0.482,78.137,0.13554,0.01535
7261.3,241.10,0.483,78.128,0.13577,0.01536
7259.5,241.20,0.484,78.108,0.13601,0.01535
7258.3,241.30,0.485,78.095,0.13624,0.01536
7255.1,241.40,0.486,78.061,0.13647,0.01535
7251.8,241.50,0.486,78.025,0.13671,0.01536
7248.3,241.60,0.487,77.989,0.13694,0.01536
7246.6,241.70,0.488,77.969,0.13717,0.01536
7245.3,241.80,0.489,77.956,0.13741,0.01536
7242.5,241.90,0.490,77.926,0.13764,0.01536
7239.1,242.00,0.490,77.889,0.13787,0.01536
7235.8,242.10,0.491,77.854,0.13810,0.01536
7232.1,242.20,0.492,77.814,0.13833,0.01536
7229.4,242.30,0.493,77.785,0.13857,0.01536
7227.4,242.40,0.494,77.764,0.13881,0.01536
7224.8,242.50,0.495,77.735,0.13905,0.01536
7219.5,242.60,0.496,77.678,0.13928,0.01536
7215.7,242.70,0.496,77.637,0.13951,0.01536
7211.4,242.80,0.497,77.591,0.13975,0.01536
7207.0,242.90,0.498,77.544,0.13998,0.01535
7205.1,243.00,0.499,77.523,0.14022,0.01536
7202.1,243.10,0.500,77.491,0.14045,0.01536
7197.0,243.20,0.501,77.436,0.14069,0.01535
7191.6,243.30,0.501,77.378,0.14092,0.01535
7187.3,243.40,0.502,77.331,0.14115,0.01535
7183.7,243.50,0.503,77.293,0.14139,0.01535
7179.9,243.60,0.504,77.252,0.14163,0.01535
7175.5,243.70,0.505,77.205,0.14186,0.01535
7169.6,243.80,0.506,77.142,0.14209,0.01535
7163.5,243.90,0.506,77.075,0.14232,0.01535
7158.7,244.00,0.507,77.024,0.14255,0.01535
7154.6,244.10,0.508,76.980,0.14278,0.01535
7150.5,244.20,0.509,76.936,0.14302,0.01535
7145.0,244.30,0.510,76.876,0.14325,0.01535
7139.3,244.40,0.511,76.815,0.14349,0.01535
7132.2,244.50,0.511,76.739,0.14372,0.01535
7125.2,244.60,0.512,76.663,0.14396,0.01535
7121.0,244.70,0.513,76.618,0.14419,0.01535
7116.0,244.80,0.514,76.565,0.14442,0.01535
7110.1,244.90,0.515,76.501,0.14466,0.01535
7103.0,245.00,0.516,76.425,0.14489,0.01535
7096.4,245.10,0.516,76.354,0.14512,0.01535
7088.6,245.20,0.517,76.270,0.14535,0.01535
7083.1,245.30,0.518,76.210,0.14559,0.01535
7078.5,245.40,0.519,76.161,0.14583,0.01535
7071.4,245.50,0.520,76.085,0.14606,0.01535
7063.8,245.60,0.521,76.003,0.14630,0.01535
7055.5,245.70,0.521,75.914,0.14653,0.01534
7047.9,245.80,0.522,75.832,0.14676,0.01535
7041.1,245.90,0.523,75.759,0.14700,0.01534
7034.9,246.00,0.524,75.692,0.14723,0.01534
7028.7,246.10,0.525,75.625,0.14747,0.01534
7019.7,246.20,0.526,75.528,0.14770,0.01534
7010.8,246.30,0.526,75.432,0.14793,0.01534
7003.4,246.40,0.527,75.353,0.14816,0.01534
6996.3,246.50,0.528,75.277,0.14839,0.01534
6989.2,246.60,0.529,75.200,0.14863,0.01534
6981.7,246.70,0.530,75.120,0.14887,0.01534
6972.6,246.80,0.531,75.022,0.14910,0.01534
6962.2,246.90,0.531,74.910,0.14933,0.01534
6954.2,247.00,0.532,74.823,0.14957,0.01534
6946.8,247.10,0.533,74.744,0.14980,0.01534
6938.4,247.20,0.534,74.654,0.15003,0.01534
6930.7,247.30,0.535,74.570,0.15027,0.01534
6921.3,247.40,0.536,74.470,0.15050,0.01534
6910.9,247.50,0.536,74.358,0.15074,0.01534
6901.3,247.60,0.537,74.255,0.15097,0.01534
6893.1,247.70,0.538,74.166,0.15121,0.01534
6884.8,247.80,0.539,74.077,0.15144,0.01534
6875.1,247.90,0.540,73.973,0.15167,0.01534
6865.1,248.00,0.541,73.865,0.15191,0.01534
6854.1,248.10,0.541,73.747,0.15214,0.01534
6843.6,248.20,0.542,73.634,0.15238,0.01534
6834.4,248.30,0.543,73.535,0.15261,0.01534
6825.7,248.40,0.544,73.441,0.15285,0.01534
6816.2,248.50,0.545,73.338,0.15308,0.01534
6804.4,248.60,0.546,73.212,0.15331,0.01534
6793.8,248.70,0.546,73.098,0.15354,0.01534
6782.7,248.80,0.547,72.979,0.15377,0.01534
6771.7,248.90,0.548,72.860,0.15401,0.01534
6762.5,249.00,0.549,72.761,0.15425,0.01534
6752.3,249.10,0.550,72.652,0.15448,0.01534
6740.2,249.20,0.551,72.522,0.15471,0.01534
6728.2,249.30,0.551,72.392,0.15494,0.01534
6717.1,249.40,0.552,72.272,0.15517,0.01534
6705.7,249.50,0.553,72.150,0.15541,0.01534
6695.8,249.60,0.554,72.044,0.15564,0.01534
6685.2,249.70,0.555,71.929,0.15588,0.01534
6672.2,249.80,0.556,71.789,0.15611,0.01534
6659.4,249.90,0.556,71.651,0.15635,0.01534
6647.0,250.00,0.557,71.519,0.15658,0.01534
6635.8,250.10,0.558,71.397,0.15682,0.01534
6624.1,250.20,0.559,71.272,0.15705,0.01534
6612.3,250.30,0.560,71.145,0.15728,0.01534
6599.8,250.40,0.561,71.011,0.15752,0.01534
6586.0,250.50,0.561,70.862,0.15775,0.01534
6572.5,250.60,0.562,70.717,0.15798,0.01534
6560.4,250.70,0.563,70.586,0.15821,0.01534
6548.1,250.80,0.564,70.454,0.15845,0.01534
6535.1,250.90,0.565,70.314,0.15869,0.01534
6522.3,251.00,0.566,70.176,0.15892,0.01534
6508.2,251.10,0.566,70.025,0.15915,0.01534
6492.8,251.20,0.567,69.859,0.15938,0.01534
6479.6,251.30,0.568,69.718,0.15961,0.01534
6467.3,251.40,0.569,69.585,0.15985,0.01534
6453.4,251.50,0.570,69.436,0.16008,0.01534
6440.1,251.60,0.571,69.293,0.16032,0.01534
6425.6,251.70,0.571,69.136,0.16055,0.01534
6410.1,251.80,0.572,68.969,0.16078,0.01534
6395.0,251.90,0.573,68.807,0.16102,0.01534
6381.9,252.00,0.574,68.666,0.16125,0.01534
6368.0,252.10,0.575,68.517,0.16149,0.01534
6352.7,252.20,0.576,68.352,0.16172,0.01534
6337.1,252.30,0.576,68.184,0.16196,0.01534
6320.4,252.40,0.577,68.004,0.16219,0.01534
6304.2,252.50,0.578,67.830,0.16242,0.01534
6289.3,252.60,0.579,67.670,0.16265,0.01534
6275.1,252.70,0.580,67.516,0.16289,0.01534
6260.2,252.80,0.581,67.356,0.16313,0.01534
6242.4,252.90,0.581,67.165,0.16336,0.01534
6225.8,253.00,0.582,66.987,0.16359,0.01534
6208.7,253.10,0.583,66.802,0.16382,0.01534
6191.5,253.20,0.584,66.618,0.16405,0.01534
6176.8,253.30,0.585,66.459,0.16429,0.01534
6161.0,253.40,0.586,66.289,0.16453,0.01534
6143.1,253.50,0.586,66.097,0.16476,0.01534
6125.1,253.60,0.587,65.903,0.16499,0.01533
6107.6,253.70,0.588,65.715,0.16523,0.01533
6089.0,253.80,0.589,65.514,0.16546,0.01534
6072.9,253.90,0.590,65.341,0.16569,0.01533
6056.6,254.00,0.591,65.166,0.16593,0.01533
6038.5,254.10,0.591,64.971,0.16616,0.01533
6019.2,254.20,0.592,64.764,0.16639,0.01533
5999.8,254.30,0.593,64.555,0.16662,0.01533
5981.0,254.40,0.594,64.353,0.16686,0.01533
5962.7,254.50,0.595,64.155,0.16709,0.01533
5945.0,254.60,0.596,63.965,0.16733,0.01533
5926.3,254.70,0.596,63.764,0.16757,0.01533
5905.9,254.80,0.597,63.544,0.16780,0.01533
5884.9,254.90,0.598,63.319,0.16803,0.01533
5864.8,255.00,0.599,63.103,0.16826,0.01533
5845.5,255.10,0.600,62.894,0.16850,0.01533
5826.2,255.20,0.601,62.686,0.16873,0.01533
5806.7,255.30,0.601,62.477,0.16897,0.01533
5785.5,255.40,0.602,62.249,0.16920,0.01533
5762.6,255.50,0.603,62.002,0.16943,0.01533
5741.4,255.60,0.604,61.775,0.16966,0.01533
5720.6,255.70,0.605,61.551,0.16990,0.01533
5698.3,255.80,0.606,61.311,0.17013,0.01532
5677.0,255.90,0.606,61.082,0.17037,0.01532
5656.1,256.00,0.607,60.857,0.17060,0.01532
5634.2,256.10,0.608,60.622,0.17084,0.01533
5611.4,256.20,0.609,60.376,0.17107,0.01532
5588.4,256.30,0.610,60.129,0.17130,0.01532
5564.4,256.40,0.610,59.870,0.17153,0.01532
5540.2,256.50,0.611,59.610,0.17176,0.01532
5516.3,256.60,0.612,59.352,0.17200,0.01532
5493.0,256.70,0.613,59.102,0.17224,0.01532
5469.5,256.80,0.614,58.849,0.17247,0.01532
5444.4,256.90,0.615,58.579,0.17271,0.01532
5419.0,257.00,0.616,58.306,0.17294,0.01532
5392.6,257.10,0.616,58.022,0.17317,0.01532
5365.9,257.20,0.617,57.735,0.17340,0.01532
5339.9,257.30,0.618,57.455,0.17364,0.01532
5314.1,257.40,0.619,57.177,0.17387,0.01532
5286.9,257.50,0.620,56.885,0.17411,0.01532
5260.0,257.60,0.621,56.595,0.17434,0.01532
5232.3,257.70,0.621,56.297,0.17457,0.01532
5202.2,257.80,0.622,55.973,0.17481,0.01532
5172.2,257.90,0.623,55.650,0.17504,0.01532
5138.5,258.00,0.624,55.287,0.17527,0.01531
-536.1,258.05,0.624,-5.768,0.17545,0.01533