27.5, 0.200, 0.00064, 0.062, 0.051
47.5, 0.300, 0.00105, 0.107, 0.084
71.9, 0.400, 0.00147, 0.163, 0.117
99.1, 0.500, 0.00188, 0.224, 0.151
129.8, 0.600, 0.00230, 0.294, 0.184
164.6, 0.700, 0.00271, 0.372, 0.217
201.7, 0.800, 0.00313, 0.456, 0.250
240.8, 0.900, 0.00355, 0.545, 0.284
282.5, 1.000, 0.00396, 0.639, 0.317
324.7, 1.100, 0.00437, 0.735, 0.350
367.8, 1.200, 0.00479, 0.833, 0.383
412.5, 1.300, 0.00521, 0.934, 0.416
457.9, 1.400, 0.00562, 1.036, 0.449
503.5, 1.500, 0.00603, 1.140, 0.483
550.4, 1.600, 0.00645, 1.246, 0.516
598.0, 1.700, 0.00686, 1.354, 0.549
645.6, 1.800, 0.00728, 1.461, 0.582
693.6, 1.900, 0.00770, 1.570, 0.616
741.9, 2.000, 0.00811, 1.679, 0.649
789.3, 2.100, 0.00852, 1.787, 0.682
836.5, 2.200, 0.00894, 1.894, 0.715
883.7, 2.300, 0.00935, 2.000, 0.748
931.2, 2.400, 0.00977, 2.108, 0.781
977.8, 2.500, 0.01018, 2.213, 0.814
1025.0, 2.600, 0.01060, 2.320, 0.848
1072.5, 2.700, 0.01101, 2.428, 0.881
1119.2, 2.800, 0.01142, 2.533, 0.914
1165.3, 2.900, 0.01184, 2.638, 0.947
1212.1, 3.000, 0.01225, 2.744, 0.980
1258.9, 3.100, 0.01266, 2.850, 1.013
1305.0, 3.200, 0.01308, 2.954, 1.047
1351.6, 3.300, 0.01350, 3.059, 1.080
1397.6, 3.400, 0.01391, 3.164, 1.113
1443.2, 3.500, 0.01432, 3.267, 1.146
1489.0, 3.600, 0.01474, 3.370, 1.179
1534.9, 3.700, 0.01515, 3.474, 1.212
1580.3, 3.800, 0.01556, 3.577, 1.245
1625.8, 3.900, 0.01598, 3.680, 1.278
1671.7, 4.000, 0.01640, 3.784, 1.312
1717.8, 4.100, 0.01681, 3.888, 1.345
1763.0, 4.200, 0.01722, 3.991, 1.378
1808.9, 4.300, 0.01764, 4.094, 1.411
1854.9, 4.400, 0.01805, 4.199, 1.444
1900.6, 4.500, 0.01846, 4.302, 1.477
1945.9, 4.600, 0.01888, 4.405, 1.510
1991.6, 4.700, 0.01930, 4.508, 1.544
2037.3, 4.800, 0.01971, 4.611, 1.576
2082.4, 4.900, 0.02012, 4.714, 1.609
2128.3, 5.000, 0.02054, 4.817, 1.643
2173.9, 5.100, 0.02095, 4.921, 1.676
2219.5, 5.200, 0.02136, 5.024, 1.709
2264.7, 5.300, 0.02178, 5.126, 1.742
2310.5, 5.400, 0.02219, 5.230, 1.776
2355.8, 5.500, 0.02261, 5.332, 1.809
2401.0, 5.600, 0.02302, 5.435, 1.842
2445.9, 5.700, 0.02344, 5.536, 1.875
2491.1, 5.800, 0.02385, 5.639, 1.908
2535.8, 5.900, 0.02426, 5.740, 1.941
2580.7, 6.000, 0.02468, 5.842, 1.975
2625.9, 6.100, 0.02509, 5.944, 2.007
2670.6, 6.200, 0.02551, 6.045, 2.041
2714.8, 6.300, 0.02592, 6.145, 2.074
2759.6, 6.400, 0.02634, 6.247, 2.107
2803.8, 6.500, 0.02675, 6.347, 2.140
2848.1, 6.600, 0.02717, 6.447, 2.173
2891.9, 6.700, 0.02758, 6.546, 2.206
2936.0, 6.800, 0.02799, 6.646, 2.240
2979.7, 6.900, 0.02841, 6.745, 2.273
3023.7, 7.000, 0.02882, 6.844, 2.306
3067.8, 7.100, 0.02924, 6.944, 2.339
3111.0, 7.200, 0.02965, 7.042, 2.372
3154.5, 7.300, 0.03007, 7.140, 2.405
3198.1, 7.400, 0.03048, 7.239, 2.438
3241.6, 7.500, 0.03090, 7.337, 2.472
3284.4, 7.600, 0.03131, 7.434, 2.505
3327.5, 7.700, 0.03173, 7.532, 2.538
3370.7, 7.800, 0.03214, 7.630, 2.571
3413.8, 7.900, 0.03255, 7.727, 2.604
3456.3, 8.000, 0.03297, 7.823, 2.637
3499.3, 8.100, 0.03338, 7.921, 2.670
3541.4, 8.200, 0.03379, 8.016, 2.703
3583.6, 8.300, 0.03421, 8.112, 2.737
3626.0, 8.400, 0.03463, 8.208, 2.770
3668.2, 8.500, 0.03504, 8.303, 2.803
3709.6, 8.600, 0.03545, 8.397, 2.836
3751.7, 8.700, 0.03587, 8.492, 2.869
3793.8, 8.800, 0.03628, 8.587, 2.903
3835.8, 8.900, 0.03670, 8.682, 2.936
3876.6, 9.000, 0.03711, 8.775, 2.969
3917.7, 9.100, 0.03752, 8.868, 3.002
3958.9, 9.200, 0.03794, 8.961, 3.035
3999.7, 9.300, 0.03836, 9.053, 3.069
4040.2, 9.400, 0.03877, 9.145, 3.102
4080.7, 9.500, 0.03918, 9.237, 3.135
4120.7, 9.600, 0.03959, 9.327, 3.168
4160.3, 9.700, 0.04001, 9.417, 3.201
4199.9, 9.800, 0.04043, 9.507, 3.234
4234.1, 9.900, 0.04084, 9.584, 3.267
4273.4, 10.000, 0.04125, 9.673, 3.300
4313.3, 10.100, 0.04167, 9.763, 3.333
4353.3, 10.200, 0.04208, 9.854, 3.367
4392.1, 10.300, 0.04250, 9.942, 3.400
4431.2, 10.400, 0.04291, 10.030, 3.433
4469.7, 10.500, 0.04333, 10.117, 3.466
4508.5, 10.600, 0.04374, 10.205, 3.499
4546.8, 10.700, 0.04416, 10.292, 3.533
4584.9, 10.800, 0.04458, 10.378, 3.566
4622.5, 10.900, 0.04499, 10.463, 3.599
4659.8, 11.000, 0.04540, 10.548, 3.632
4696.7, 11.100, 0.04582, 10.631, 3.665
4734.3, 11.200, 0.04624, 10.716, 3.699
4770.2, 11.300, 0.04665, 10.798, 3.732
4806.3, 11.400, 0.04706, 10.879, 3.765
4843.1, 11.500, 0.04748, 10.962, 3.798
4879.2, 11.600, 0.04789, 11.044, 3.831
4914.4, 11.700, 0.04831, 11.124, 3.864
4949.1, 11.800, 0.04872, 11.203, 3.897
4984.1, 11.900, 0.04913, 11.282, 3.931
5018.6, 12.000, 0.04955, 11.360, 3.964
5053.3, 12.100, 0.04997, 11.438, 3.997
5087.6, 12.200, 0.05038, 11.516, 4.030
5121.4, 12.300, 0.05079, 11.593, 4.063
5154.9, 12.400, 0.05121, 11.668, 4.097
5188.6, 12.500, 0.05163, 11.745, 4.130
5222.3, 12.600, 0.05204, 11.821, 4.163
5254.5, 12.700, 0.05245, 11.894, 4.196
5285.6, 12.800, 0.05287, 11.964, 4.229
5316.2, 12.900, 0.05328, 12.033, 4.263
5347.1, 13.000, 0.05370, 12.103, 4.296
5378.1, 13.100, 0.05411, 12.174, 4.329
5409.4, 13.200, 0.05452, 12.244, 4.362
5441.1, 13.300, 0.05494, 12.316, 4.395
5472.3, 13.400, 0.05535, 12.387, 4.428
5503.4, 13.500, 0.05577, 12.457, 4.462
5534.0, 13.600, 0.05618, 12.526, 4.495
5563.7, 13.700, 0.05659, 12.594, 4.528
5593.8, 13.800, 0.05701, 12.662, 4.561
5624.0, 13.900, 0.05743, 12.730, 4.595
5653.3, 14.000, 0.05785, 12.796, 4.628
5681.8, 14.100, 0.05826, 12.861, 4.661
5710.5, 14.200, 0.05868, 12.926, 4.694
5739.2, 14.300, 0.05909, 12.991, 4.727
5767.3, 14.400, 0.05951, 13.054, 4.761
5794.4, 14.500, 0.05992, 13.116, 4.794
5821.5, 14.600, 0.06034, 13.177, 4.827
5847.7, 14.700, 0.06075, 13.236, 4.860
5873.9, 14.800, 0.06117, 13.296, 4.894
5900.4, 14.900, 0.06159, 13.356, 4.927
5926.0, 15.000, 0.06200, 13.414, 4.960
5950.8, 15.100, 0.06241, 13.470, 4.993
5977.0, 15.200, 0.06283, 13.529, 5.027
6002.1, 15.300, 0.06325, 13.586, 5.060
6026.2, 15.400, 0.06366, 13.641, 5.093
6049.6, 15.500, 0.06408, 13.694, 5.126
6073.5, 15.600, 0.06449, 13.747, 5.160
6097.4, 15.700, 0.06491, 13.802, 5.193
6120.8, 15.800, 0.06533, 13.855, 5.226
6143.9, 15.900, 0.06574, 13.907, 5.259
6167.1, 16.000, 0.06615, 13.959, 5.292
6189.9, 16.100, 0.06657, 14.011, 5.326
6212.6, 16.200, 0.06699, 14.062, 5.359
6235.1, 16.300, 0.06740, 14.113, 5.392
6255.9, 16.400, 0.06781, 14.160, 5.425
6276.8, 16.500, 0.06823, 14.208, 5.459
6298.1, 16.600, 0.06865, 14.256, 5.492
6319.1, 16.700, 0.06907, 14.303, 5.525
6338.9, 16.800, 0.06948, 14.348, 5.558
6359.2, 16.900, 0.06990, 14.394, 5.592
6379.5, 17.000, 0.07031, 14.440, 5.625
6399.1, 17.100, 0.07072, 14.484, 5.658
6418.3, 17.200, 0.07114, 14.528, 5.692
6437.1, 17.300, 0.07156, 14.571, 5.725
6454.8, 17.400, 0.07197, 14.611, 5.757
6472.8, 17.500, 0.07239, 14.651, 5.791
6491.2, 17.600, 0.07280, 14.693, 5.824
6509.6, 17.700, 0.07322, 14.735, 5.858
6526.7, 17.800, 0.07363, 14.773, 5.891
6544.4, 17.900, 0.07405, 14.814, 5.924
6562.7, 18.000, 0.07446, 14.855, 5.957
6579.5, 18.100, 0.07488, 14.893, 5.991
6595.5, 18.200, 0.07530, 14.929, 6.024
6611.5, 18.300, 0.07571, 14.965, 6.057
6627.3, 18.400, 0.07613, 15.001, 6.090
6643.0, 18.500, 0.07654, 15.037, 6.124
6659.5, 18.600, 0.07696, 15.074, 6.157
6674.7, 18.700, 0.07737, 15.108, 6.190
6689.6, 18.800, 0.07779, 15.142, 6.223
6704.7, 18.900, 0.07821, 15.176, 6.257
6720.1, 19.000, 0.07863, 15.211, 6.290
6734.0, 19.100, 0.07904, 15.243, 6.323
6747.4, 19.200, 0.07946, 15.273, 6.357
6761.1, 19.300, 0.07987, 15.304, 6.390
6775.1, 19.400, 0.08029, 15.336, 6.423
6788.6, 19.500, 0.08071, 15.366, 6.457
6802.0, 19.600, 0.08112, 15.396, 6.490
6815.0, 19.700, 0.08153, 15.426, 6.523
6827.6, 19.800, 0.08195, 15.455, 6.556
6840.3, 19.900, 0.08237, 15.483, 6.590
6853.3, 20.000, 0.08278, 15.513, 6.623
6864.6, 20.100, 0.08320, 15.538, 6.656
6875.7, 20.200, 0.08361, 15.563, 6.689
6888.2, 20.300, 0.08403, 15.592, 6.723
6900.0, 20.400, 0.08445, 15.618, 6.756
6911.1, 20.500, 0.08486, 15.643, 6.789
6922.7, 20.600, 0.08528, 15.670, 6.822
6934.2, 20.700, 0.08569, 15.696, 6.856
6944.7, 20.800, 0.08611, 15.720, 6.889
6955.3, 20.900, 0.08653, 15.744, 6.923
6965.2, 21.000, 0.08694, 15.766, 6.956
6974.9, 21.100, 0.08736, 15.788, 6.989
6984.8, 21.200, 0.08778, 15.810, 7.022
6995.4, 21.300, 0.08820, 15.834, 7.056
7005.6, 21.400, 0.08861, 15.857, 7.089
7013.9, 21.500, 0.08902, 15.876, 7.122
7023.0, 21.600, 0.08944, 15.897, 7.155
7032.7, 21.700, 0.08986, 15.919, 7.188
7041.0, 21.800, 0.09027, 15.938, 7.222
7049.0, 21.900, 0.09069, 15.956, 7.255
7057.9, 22.000, 0.09110, 15.976, 7.288
7066.0, 22.100, 0.09152, 15.994, 7.321
7074.6, 22.200, 0.09194, 16.014, 7.355
7084.0, 22.300, 0.09236, 16.035, 7.388
7091.7, 22.400, 0.09277, 16.052, 7.421
7098.7, 22.500, 0.09318, 16.068, 7.454
7106.9, 22.600, 0.09361, 16.087, 7.488
7114.6, 22.700, 0.09402, 16.104, 7.522
7121.4, 22.800, 0.09444, 16.120, 7.555
7127.7, 22.900, 0.09485, 16.134, 7.588
7135.0, 23.000, 0.09527, 16.150, 7.621
7142.0, 23.100, 0.09568, 16.166, 7.654
7149.2, 23.200, 0.09611, 16.182, 7.688
7155.6, 23.300, 0.09652, 16.197, 7.721
7162.0, 23.400, 0.09693, 16.211, 7.754
7167.6, 23.500, 0.09735, 16.224, 7.788
7174.0, 23.600, 0.09777, 16.238, 7.822
7180.0, 23.700, 0.09818, 16.252, 7.855
7185.2, 23.800, 0.09860, 16.264, 7.888
7190.4, 23.900, 0.09901, 16.276, 7.921
7196.7, 24.000, 0.09943, 16.290, 7.954
7202.3, 24.100, 0.09985, 16.303, 7.988
7207.2, 24.200, 0.10026, 16.314, 8.021
7212.5, 24.300, 0.10068, 16.326, 8.054
7217.6, 24.400, 0.10109, 16.337, 8.087
7222.2, 24.500, 0.10151, 16.348, 8.121
7227.3, 24.600, 0.10193, 16.359, 8.155
7231.7, 24.700, 0.10234, 16.369, 8.187
7235.3, 24.800, 0.10275, 16.377, 8.220
7240.6, 24.900, 0.10318, 16.389, 8.254
7246.0, 25.000, 0.10359, 16.402, 8.288
7250.1, 25.100, 0.10401, 16.411, 8.321
7253.1, 25.200, 0.10443, 16.418, 8.354
7257.5, 25.300, 0.10484, 16.428, 8.388
7261.4, 25.400, 0.10526, 16.436, 8.421
7264.6, 25.500, 0.10568, 16.444, 8.454
7267.4, 25.600, 0.10609, 16.450, 8.487
7271.2, 25.700, 0.10650, 16.459, 8.520
7273.9, 25.800, 0.10692, 16.465, 8.553
7278.0, 25.900, 0.10734, 16.474, 8.587
7281.8, 26.000, 0.10776, 16.483, 8.621
7284.0, 26.100, 0.10817, 16.488, 8.654
7286.0, 26.200, 0.10859, 16.492, 8.687
7289.7, 26.300, 0.10901, 16.500, 8.721
7292.6, 26.400, 0.10942, 16.507, 8.754
7294.6, 26.500, 0.10984, 16.511, 8.787
7297.0, 26.600, 0.11026, 16.517, 8.820
7299.5, 26.700, 0.11067, 16.523, 8.854
7301.9, 26.800, 0.11109, 16.528, 8.887
7304.7, 26.900, 0.11151, 16.534, 8.921
7307.1, 27.000, 0.11192, 16.540, 8.954
7307.8, 27.100, 0.11234, 16.541, 8.987
7309.1, 27.200, 0.11276, 16.544, 9.021
7311.0, 27.300, 0.11317, 16.549, 9.054
7313.1, 27.400, 0.11359, 16.553, 9.087
7313.9, 27.500, 0.11400, 16.555, 9.120
7315.9, 27.600, 0.11442, 16.560, 9.154
7318.3, 27.700, 0.11484, 16.565, 9.187
7319.7, 27.800, 0.11526, 16.568, 9.221
7320.4, 27.900, 0.11567, 16.570, 9.254
7321.6, 28.000, 0.11609, 16.573, 9.287
7322.1, 28.100, 0.11650, 16.574, 9.320
7323.0, 28.200, 0.11692, 16.576, 9.354
7324.7, 28.300, 0.11734, 16.580, 9.387
7325.1, 28.400, 0.11775, 16.580, 9.420
7324.9, 28.500, 0.11817, 16.580, 9.453
7326.8, 28.600, 0.11859, 16.584, 9.487
7328.1, 28.700, 0.11901, 16.587, 9.521
7327.8, 28.800, 0.11942, 16.587, 9.554
7327.8, 28.900, 0.11984, 16.587, 9.587
7327.8, 29.000, 0.12025, 16.587, 9.620
7328.0, 29.100, 0.12067, 16.587, 9.654
7328.1, 29.200, 0.12109, 16.587, 9.687
7328.8, 29.300, 0.12151, 16.589, 9.721
7328.4, 29.400, 0.12192, 16.588, 9.753
7328.5, 29.500, 0.12234, 16.588, 9.787
7329.2, 29.600, 0.12276, 16.590, 9.821
7329.6, 29.700, 0.12317, 16.591, 9.854
7327.6, 29.800, 0.12359, 16.586, 9.887
7327.3, 29.900, 0.12401, 16.585, 9.921
7327.5, 30.000, 0.12442, 16.586, 9.954
7327.1, 30.100, 0.12484, 16.585, 9.987
7326.2, 30.200, 0.12526, 16.583, 10.021
7326.4, 30.300, 0.12567, 16.584, 10.054
7325.6, 30.400, 0.12609, 16.582, 10.087
7324.9, 30.500, 0.12651, 16.580, 10.121
7324.5, 30.600, 0.12693, 16.579, 10.154
7323.0, 30.700, 0.12734, 16.576, 10.187
7320.9, 30.800, 0.12776, 16.571, 10.221
7320.3, 30.900, 0.12818, 16.570, 10.254
7319.7, 31.000, 0.12859, 16.568, 10.288
7317.8, 31.100, 0.12901, 16.564, 10.321
7316.4, 31.200, 0.12943, 16.561, 10.354
7315.7, 31.300, 0.12984, 16.559, 10.388
7314.6, 31.400, 0.13026, 16.557, 10.421
7312.7, 31.500, 0.13068, 16.553, 10.455
7311.1, 31.600, 0.13110, 16.549, 10.488
7308.5, 31.700, 0.13151, 16.543, 10.521
7306.3, 31.800, 0.13193, 16.538, 10.554
7304.5, 31.900, 0.13235, 16.534, 10.588
7304.1, 32.000, 0.13276, 16.533, 10.621
7301.4, 32.100, 0.13317, 16.527, 10.654
7299.8, 32.200, 0.13359, 16.523, 10.688
7298.7, 32.300, 0.13401, 16.521, 10.721
7296.8, 32.400, 0.13443, 16.517, 10.755
7294.3, 32.500, 0.13485, 16.511, 10.788
7292.3, 32.600, 0.13526, 16.506, 10.821
7290.1, 32.700, 0.13568, 16.501, 10.854
7288.4, 32.800, 0.13610, 16.497, 10.888
7287.2, 32.900, 0.13652, 16.495, 10.921
7285.2, 33.000, 0.13693, 16.490, 10.954
7282.5, 33.100, 0.13735, 16.484, 10.988
7280.6, 33.200, 0.13777, 16.480, 11.022
7278.9, 33.300, 0.13819, 16.476, 11.055
7275.9, 33.400, 0.13860, 16.469, 11.088
7273.0, 33.500, 0.13902, 16.463, 11.122
7270.6, 33.600, 0.13943, 16.457, 11.155
7268.7, 33.700, 0.13985, 16.453, 11.188
7266.6, 33.800, 0.14027, 16.448, 11.222
7264.7, 33.900, 0.14069, 16.444, 11.255
7262.0, 34.000, 0.14110, 16.438, 11.288
7259.1, 34.100, 0.14152, 16.431, 11.322
7256.5, 34.200, 0.14194, 16.425, 11.355
7254.2, 34.300, 0.14236, 16.420, 11.389
7250.1, 34.400, 0.14277, 16.411, 11.422
7247.1, 34.500, 0.14319, 16.404, 11.455
7245.2, 34.600, 0.14361, 16.400, 11.489
7243.1, 34.700, 0.14403, 16.395, 11.522
7239.7, 34.800, 0.14444, 16.387, 11.555
7237.4, 34.900, 0.14486, 16.382, 11.589
7233.9, 35.000, 0.14527, 16.374, 11.622
7230.5, 35.100, 0.14570, 16.366, 11.656
7227.9, 35.200, 0.14612, 16.361, 11.689
7224.3, 35.300, 0.14653, 16.352, 11.722
7220.4, 35.400, 0.14694, 16.344, 11.755
7217.8, 35.500, 0.14736, 16.338, 11.789
7215.7, 35.600, 0.14778, 16.333, 11.822
7212.6, 35.700, 0.14820, 16.326, 11.856
7209.1, 35.800, 0.14862, 16.318, 11.889
7205.7, 35.900, 0.14903, 16.310, 11.922
7202.6, 36.000, 0.14945, 16.303, 11.956
7199.0, 36.100, 0.14987, 16.295, 11.990
7195.9, 36.200, 0.15028, 16.288, 12.023
7192.4, 36.300, 0.15069, 16.280, 12.056
7189.0, 36.400, 0.15111, 16.272, 12.089
7186.1, 36.500, 0.15153, 16.266, 12.123
7184.1, 36.600, 0.15195, 16.261, 12.156
7179.9, 36.700, 0.15236, 16.252, 12.189
7176.3, 36.800, 0.15278, 16.244, 12.223
7173.4, 36.900, 0.15320, 16.237, 12.256
7170.0, 37.000, 0.15362, 16.230, 12.290
7165.9, 37.100, 0.15403, 16.220, 12.323
7162.9, 37.200, 0.15445, 16.214, 12.356
7160.0, 37.300, 0.15486, 16.207, 12.389
7157.1, 37.400, 0.15529, 16.200, 12.423
7154.5, 37.500, 0.15571, 16.194, 12.456
7151.0, 37.600, 0.15612, 16.186, 12.489
7147.2, 37.700, 0.15653, 16.178, 12.523
7143.9, 37.800, 0.15696, 16.170, 12.557
7141.1, 37.900, 0.15738, 16.164, 12.590
7137.5, 38.000, 0.15779, 16.156, 12.623
7134.0, 38.100, 0.15821, 16.148, 12.656
7131.0, 38.200, 0.15862, 16.141, 12.690
7128.5, 38.300, 0.15904, 16.136, 12.723
7125.1, 38.400, 0.15946, 16.128, 12.757
7121.7, 38.500, 0.15988, 16.120, 12.790
7117.8, 38.600, 0.16029, 16.111, 12.823
7114.2, 38.700, 0.16071, 16.103, 12.857
7110.7, 38.800, 0.16113, 16.095, 12.890
7108.3, 38.900, 0.16154, 16.090, 12.924
7104.1, 39.000, 0.16196, 16.080, 12.957
7100.4, 39.100, 0.16237, 16.072, 12.990
7098.1, 39.200, 0.16279, 16.067, 13.024
7095.1, 39.300, 0.16321, 16.060, 13.057
7091.0, 39.400, 0.16363, 16.051, 13.090
7087.4, 39.500, 0.16404, 16.042, 13.124
7083.9, 39.600, 0.16446, 16.035, 13.157
7079.6, 39.700, 0.16488, 16.025, 13.190
7077.1, 39.800, 0.16530, 16.019, 13.224
7073.6, 39.900, 0.16571, 16.011, 13.257
7070.0, 40.000, 0.16612, 16.003, 13.290
7066.7, 40.100, 0.16655, 15.996, 13.324
7064.3, 40.200, 0.16697, 15.990, 13.357
7060.8, 40.300, 0.16738, 15.982, 13.390
7056.7, 40.400, 0.16780, 15.973, 13.424
7053.0, 40.500, 0.16822, 15.965, 13.457
7050.0, 40.600, 0.16863, 15.958, 13.490
7046.8, 40.700, 0.16905, 15.951, 13.524
7043.7, 40.800, 0.16947, 15.944, 13.557
7040.7, 40.900, 0.16988, 15.937, 13.590
7037.1, 41.000, 0.17030, 15.929, 13.624
7033.8, 41.100, 0.17072, 15.921, 13.657
7031.6, 41.200, 0.17114, 15.916, 13.691
7026.9, 41.300, 0.17155, 15.906, 13.724
7023.1, 41.400, 0.17197, 15.897, 13.757
7020.3, 41.500, 0.17238, 15.891, 13.791
7017.7, 41.600, 0.17280, 15.885, 13.824
7013.9, 41.700, 0.17322, 15.876, 13.857
7011.1, 41.800, 0.17363, 15.870, 13.891
7008.4, 41.900, 0.17405, 15.864, 13.924
7004.9, 42.000, 0.17447, 15.856, 13.957
7001.9, 42.100, 0.17489, 15.849, 13.991
6998.6, 42.200, 0.17530, 15.841, 14.024
6994.6, 42.300, 0.17572, 15.832, 14.057
6991.3, 42.400, 0.17614, 15.825, 14.091
6989.2, 42.500, 0.17656, 15.820, 14.124
6986.6, 42.600, 0.17697, 15.814, 14.158
6983.4, 42.700, 0.17739, 15.807, 14.191
6980.5, 42.800, 0.17780, 15.800, 14.224
6978.1, 42.900, 0.17822, 15.795, 14.258
6974.5, 43.000, 0.17864, 15.787, 14.291
6970.9, 43.100, 0.17906, 15.779, 14.325
6967.4, 43.200, 0.17947, 15.771, 14.357
6964.0, 43.300, 0.17989, 15.763, 14.391
6961.2, 43.400, 0.18031, 15.757, 14.424
6959.7, 43.500, 0.18073, 15.753, 14.458
6955.9, 43.600, 0.18114, 15.745, 14.491
6953.1, 43.700, 0.18156, 15.738, 14.524
6950.7, 43.800, 0.18197, 15.733, 14.558
6948.1, 43.900, 0.18239, 15.727, 14.592
6944.2, 44.000, 0.18281, 15.718, 14.625
6940.4, 44.100, 0.18322, 15.710, 14.658
6937.3, 44.200, 0.18364, 15.703, 14.691
6934.7, 44.300, 0.18406, 15.697, 14.725
6932.3, 44.400, 0.18448, 15.692, 14.758
6929.6, 44.500, 0.18489, 15.685, 14.791
6926.9, 44.600, 0.18530, 15.679, 14.824
6923.6, 44.700, 0.18573, 15.672, 14.858
6921.0, 44.800, 0.18615, 15.666, 14.892
6917.7, 44.900, 0.18656, 15.658, 14.925
6913.9, 45.000, 0.18698, 15.650, 14.958
6910.6, 45.100, 0.18739, 15.642, 14.991
6908.5, 45.200, 0.18781, 15.638, 15.025
6905.4, 45.300, 0.18822, 15.631, 15.058
6902.8, 45.400, 0.18864, 15.625, 15.091
6900.0, 45.500, 0.18906, 15.618, 15.125
6897.1, 45.600, 0.18947, 15.612, 15.158
6894.1, 45.700, 0.18989, 15.605, 15.191
6891.9, 45.800, 0.19032, 15.600, 15.225
6888.2, 45.900, 0.19072, 15.592, 15.258
6884.7, 46.000, 0.19114, 15.584, 15.291
6882.3, 46.100, 0.19156, 15.578, 15.325
6880.6, 46.200, 0.19198, 15.574, 15.358
6878.2, 46.300, 0.19239, 15.569, 15.391
6875.4, 46.400, 0.19281, 15.563, 15.425
6872.9, 46.500, 0.19323, 15.557, 15.458
6870.3, 46.600, 0.19365, 15.551, 15.492
6867.6, 46.700, 0.19406, 15.545, 15.525
6864.6, 46.800, 0.19448, 15.538, 15.558
6861.7, 46.900, 0.19489, 15.532, 15.591
6858.8, 47.000, 0.19531, 15.525, 15.625
6857.1, 47.100, 0.19573, 15.521, 15.659
6855.2, 47.200, 0.19615, 15.517, 15.692
6852.1, 47.300, 0.19656, 15.510, 15.725
6849.0, 47.400, 0.19698, 15.503, 15.758
6847.4, 47.500, 0.19740, 15.499, 15.792
6844.1, 47.600, 0.19781, 15.492, 15.825
6841.7, 47.700, 0.19823, 15.486, 15.859
6839.0, 47.800, 0.19864, 15.480, 15.892
6836.8, 47.900, 0.19906, 15.475, 15.925
6834.0, 48.000, 0.19948, 15.469, 15.959
6832.8, 48.100, 0.19990, 15.466, 15.992
6829.9, 48.200, 0.20031, 15.460, 16.025
6826.6, 48.300, 0.20073, 15.452, 16.059
6825.0, 48.400, 0.20115, 15.449, 16.092
6823.2, 48.500, 0.20157, 15.445, 16.126
6820.2, 48.600, 0.20198, 15.438, 16.159
6816.9, 48.700, 0.20240, 15.430, 16.192
6815.0, 48.800, 0.20282, 15.426, 16.225
6813.3, 48.900, 0.20324, 15.422, 16.259
6811.3, 49.000, 0.20366, 15.418, 16.292
6808.7, 49.100, 0.20407, 15.412, 16.326
6806.3, 49.200, 0.20448, 15.406, 16.359
6803.4, 49.300, 0.20490, 15.400, 16.392
6801.7, 49.400, 0.20532, 15.396, 16.426
6799.6, 49.500, 0.20574, 15.391, 16.459
6796.7, 49.600, 0.20615, 15.385, 16.492
6793.7, 49.700, 0.20657, 15.378, 16.525
6792.8, 49.800, 0.20699, 15.376, 16.559
6790.5, 49.900, 0.20740, 15.371, 16.592
6787.9, 50.000, 0.20782, 15.365, 16.626
6785.2, 50.100, 0.20823, 15.359, 16.659
6783.1, 50.200, 0.20865, 15.354, 16.692
6780.6, 50.300, 0.20907, 15.348, 16.725
6779.5, 50.400, 0.20949, 15.345, 16.759
6777.2, 50.500, 0.20990, 15.340, 16.792
6774.8, 50.600, 0.21032, 15.335, 16.826
6773.0, 50.700, 0.21074, 15.331, 16.859
6771.6, 50.800, 0.21116, 15.328, 16.893
6768.9, 50.900, 0.21157, 15.322, 16.926
6766.3, 51.000, 0.21199, 15.316, 16.959
6764.4, 51.100, 0.21241, 15.311, 16.992
6762.6, 51.200, 0.21282, 15.307, 17.026
6760.8, 51.300, 0.21324, 15.303, 17.059
6759.3, 51.400, 0.21366, 15.300, 17.093
6757.5, 51.500, 0.21407, 15.296, 17.126
6755.4, 51.600, 0.21449, 15.291, 17.159
6753.6, 51.700, 0.21491, 15.287, 17.193
6751.9, 51.800, 0.21533, 15.283, 17.226
6749.4, 51.900, 0.21574, 15.278, 17.259
6746.9, 52.000, 0.21616, 15.272, 17.292
6746.0, 52.100, 0.21658, 15.270, 17.326
6744.4, 52.200, 0.21699, 15.266, 17.359
6742.4, 52.300, 0.21741, 15.262, 17.393
6740.6, 52.400, 0.21783, 15.258, 17.426
6739.1, 52.500, 0.21824, 15.254, 17.459
6736.8, 52.600, 0.21866, 15.249, 17.493
6735.5, 52.700, 0.21908, 15.246, 17.527
6733.3, 52.800, 0.21949, 15.241, 17.560
6730.2, 52.900, 0.21990, 15.234, 17.592
6728.0, 53.000, 0.22032, 15.229, 17.626
6727.0, 53.100, 0.22074, 15.227, 17.660
6725.7, 53.200, 0.22116, 15.224, 17.693
6723.4, 53.300, 0.22157, 15.219, 17.726
6721.2, 53.400, 0.22199, 15.214, 17.759
6720.0, 53.500, 0.22241, 15.211, 17.793
6718.4, 53.600, 0.22283, 15.207, 17.826
6716.2, 53.700, 0.22324, 15.202, 17.860
6714.6, 53.800, 0.22366, 15.199, 17.893
6712.4, 53.900, 0.22407, 15.194, 17.926
6711.3, 54.000, 0.22450, 15.191, 17.960
6711.0, 54.100, 0.22491, 15.191, 17.993
6709.4, 54.200, 0.22533, 15.187, 18.026
6707.3, 54.300, 0.22575, 15.182, 18.060
6706.6, 54.400, 0.22617, 15.181, 18.093
6705.0, 54.500, 0.22658, 15.177, 18.127
6702.7, 54.600, 0.22700, 15.172, 18.160
6700.7, 54.700, 0.22742, 15.167, 18.193
6699.4, 54.800, 0.22783, 15.164, 18.226
6697.7, 54.900, 0.22825, 15.161, 18.260
6696.9, 55.000, 0.22867, 15.159, 18.294
6695.5, 55.100, 0.22908, 15.155, 18.327
6693.5, 55.200, 0.22950, 15.151, 18.360
6691.9, 55.300, 0.22991, 15.147, 18.393
6690.4, 55.400, 0.23033, 15.144, 18.427
6688.8, 55.500, 0.23075, 15.140, 18.460
6686.6, 55.600, 0.23116, 15.135, 18.493
6685.0, 55.700, 0.23158, 15.132, 18.526
6684.5, 55.800, 0.23200, 15.131, 18.560
6683.7, 55.900, 0.23242, 15.129, 18.594
6682.3, 56.000, 0.23283, 15.125, 18.627
6681.2, 56.100, 0.23325, 15.123, 18.660
6679.9, 56.200, 0.23367, 15.120, 18.693
6678.7, 56.300, 0.23409, 15.118, 18.727
6677.8, 56.400, 0.23450, 15.115, 18.760
6676.0, 56.500, 0.23492, 15.111, 18.794
6673.5, 56.600, 0.23533, 15.106, 18.827
6672.8, 56.700, 0.23575, 15.104, 18.860
6671.9, 56.800, 0.23617, 15.102, 18.893
6670.4, 56.900, 0.23658, 15.099, 18.927
6668.9, 57.000, 0.23700, 15.095, 18.960
6668.1, 57.100, 0.23741, 15.093, 18.993
6666.5, 57.200, 0.23783, 15.090, 19.026
6665.1, 57.300, 0.23825, 15.087, 19.060
6663.4, 57.400, 0.23866, 15.083, 19.093
6662.0, 57.500, 0.23908, 15.080, 19.126
6661.4, 57.600, 0.23950, 15.078, 19.160
6661.7, 57.700, 0.23992, 15.079, 19.193
6661.3, 57.800, 0.24033, 15.078, 19.227
6659.7, 57.900, 0.24075, 15.074, 19.260
6658.6, 58.000, 0.24117, 15.072, 19.293
6658.3, 58.100, 0.24158, 15.071, 19.327
6657.6, 58.200, 0.24200, 15.070, 19.360
6655.9, 58.300, 0.24242, 15.066, 19.394
6655.3, 58.400, 0.24283, 15.064, 19.427
6654.0, 58.500, 0.24325, 15.061, 19.460
6653.4, 58.600, 0.24367, 15.060, 19.494
6653.1, 58.700, 0.24409, 15.060, 19.527
6652.1, 58.800, 0.24450, 15.057, 19.560
6650.4, 58.900, 0.24491, 15.053, 19.593
6650.0, 59.000, 0.24534, 15.053, 19.627
6649.4, 59.100, 0.24575, 15.051, 19.660
6648.1, 59.200, 0.24617, 15.048, 19.694
6646.8, 59.300, 0.24658, 15.045, 19.727
6646.7, 59.400, 0.24700, 15.045, 19.760
6646.4, 59.500, 0.24742, 15.044, 19.793
6646.2, 59.600, 0.24784, 15.044, 19.827
6645.6, 59.700, 0.24825, 15.043, 19.860
6644.3, 59.800, 0.24867, 15.040, 19.893
6643.2, 59.900, 0.24908, 15.037, 19.927
6642.7, 60.000, 0.24950, 15.036, 19.960
6642.2, 60.100, 0.24992, 15.035, 19.993
6641.6, 60.120, 0.25000, 15.033, 20.000