23.5,0.200,0.00050,29.019,0.000
43.2,0.300,0.00083,53.341,0.000
69.4,0.400,0.00117,85.623,0.000
101.5,0.500,0.00150,125.263,0.001
138.9,0.600,0.00183,171.484,0.001
180.5,0.700,0.00216,222.786,0.001
225.2,0.800,0.00249,278.001,0.001
272.7,0.900,0.00283,336.652,0.001
322.4,1.000,0.00316,398.009,0.001
374.4,1.100,0.00349,462.280,0.001
428.9,1.200,0.00382,529.454,0.001
484.3,1.300,0.00415,597.916,0.001
540.2,1.400,0.00448,666.944,0.001
596.7,1.500,0.00481,736.670,0.002
653.6,1.600,0.00514,806.863,0.002
711.2,1.700,0.00548,878.027,0.002
768.6,1.800,0.00580,948.915,0.002
825.6,1.900,0.00614,1019.315,0.002
881.9,2.000,0.00646,1088.762,0.002
938.6,2.100,0.00680,1158.815,0.002
996.2,2.200,0.00713,1229.866,0.002
1053.3,2.300,0.00746,1300.324,0.002
1110.9,2.400,0.00779,1371.421,0.003
1168.8,2.500,0.00812,1443.001,0.003
1225.9,2.600,0.00845,1513.433,0.003
1283.3,2.700,0.00878,1584.346,0.003
1340.7,2.800,0.00911,1655.209,0.003
1398.3,2.900,0.00944,1726.235,0.003
1455.7,3.000,0.00977,1797.188,0.003
1514.0,3.100,0.01010,1869.138,0.003
1572.5,3.200,0.01043,1941.379,0.003
1630.9,3.300,0.01076,2013.499,0.004
1689.9,3.400,0.01109,2086.242,0.004
1749.2,3.500,0.01142,2159.494,0.004
1807.8,3.600,0.01175,2231.876,0.004
1867.3,3.700,0.01209,2305.246,0.004
1927.3,3.800,0.01242,2379.390,0.004
1987.6,3.900,0.01275,2453.806,0.004
2047.8,4.000,0.01308,2528.106,0.004
2108.0,4.100,0.01341,2602.402,0.004
2168.0,4.200,0.01374,2676.511,0.005
2229.0,4.300,0.01407,2751.796,0.005
2289.1,4.400,0.01440,2826.086,0.005
2349.7,4.500,0.01473,2900.859,0.005
2409.7,4.600,0.01506,2974.901,0.005
2469.6,4.700,0.01539,3048.881,0.005
2529.8,4.800,0.01572,3123.165,0.005
2590.7,4.900,0.01605,3198.324,0.005
2651.3,5.000,0.01638,3273.219,0.005
2712.3,5.100,0.01671,3348.537,0.006
2772.2,5.200,0.01704,3422.418,0.006
2832.8,5.300,0.01738,3497.222,0.006
2893.1,5.400,0.01770,3571.668,0.006
2953.7,5.500,0.01803,3646.498,0.006
3014.4,5.600,0.01836,3721.488,0.006
3074.7,5.700,0.01870,3795.925,0.006
3135.2,5.800,0.01902,3870.659,0.006
3195.6,5.900,0.01935,3945.230,0.006
3256.5,6.000,0.01968,4020.369,0.007
3317.9,6.100,0.02001,4096.131,0.007
3379.4,6.200,0.02035,4172.126,0.007
3440.3,6.300,0.02067,4247.213,0.007
3501.4,6.400,0.02100,4322.726,0.007
3561.9,6.500,0.02133,4397.349,0.007
3623.5,6.600,0.02166,4473.475,0.007
3684.3,6.700,0.02200,4548.481,0.007
3745.4,6.800,0.02233,4623.943,0.007
3806.3,6.900,0.02266,4699.059,0.008
3867.0,7.000,0.02298,4774.053,0.008
3927.7,7.100,0.02331,4849.051,0.008
3989.3,7.200,0.02365,4925.092,0.008
4050.9,7.300,0.02398,5001.095,0.008
4112.7,7.400,0.02431,5077.451,0.008
4173.3,7.500,0.02464,5152.188,0.008
4233.6,7.600,0.02497,5226.649,0.008
4294.0,7.700,0.02530,5301.164,0.008
4354.9,7.800,0.02563,5376.418,0.009
4415.5,7.900,0.02596,5451.226,0.009
4476.3,8.000,0.02629,5526.290,0.009
4536.3,8.100,0.02662,5600.369,0.009
4596.8,8.200,0.02695,5675.057,0.009
4657.6,8.300,0.02728,5750.075,0.009
4718.0,8.400,0.02761,5824.717,0.009
4778.4,8.500,0.02794,5899.233,0.009
4838.7,8.600,0.02826,5973.727,0.009
4898.6,8.700,0.02860,6047.664,0.010
4958.1,8.800,0.02892,6121.038,0.010
5017.7,8.900,0.02925,6194.636,0.010
5078.4,9.000,0.02958,6269.613,0.010
5138.2,9.100,0.02992,6343.387,0.010
5197.7,9.200,0.03025,6416.924,0.010
5257.9,9.300,0.03058,6491.158,0.010
5317.3,9.400,0.03090,6564.593,0.010
5376.8,9.500,0.03124,6638.005,0.010
5436.5,9.600,0.03157,6711.695,0.011
5496.2,9.700,0.03190,6785.471,0.011
5555.0,9.800,0.03223,6857.951,0.011
5612.1,9.900,0.03256,6928.452,0.011
5669.7,10.000,0.03288,6999.596,0.011
5727.9,10.100,0.03322,7071.442,0.011
5785.6,10.200,0.03355,7142.660,0.011
5843.6,10.300,0.03388,7214.335,0.011
5900.9,10.400,0.03421,7285.016,0.011
5957.8,10.500,0.03453,7355.238,0.012
6014.6,10.600,0.03487,7425.456,0.012
6071.6,10.700,0.03520,7495.777,0.012
6128.1,10.800,0.03553,7565.553,0.012
6184.3,10.900,0.03586,7634.917,0.012
6239.0,11.000,0.03619,7702.504,0.012
6293.7,11.100,0.03652,7770.014,0.012
6348.0,11.200,0.03685,7837.072,0.012
6402.0,11.300,0.03718,7903.724,0.012
6455.6,11.400,0.03751,7969.812,0.013
6509.0,11.500,0.03784,8035.754,0.013
6561.2,11.600,0.03817,8100.160,0.013
6614.0,11.700,0.03850,8165.362,0.013
6665.3,11.800,0.03883,8228.685,0.013
6716.9,11.900,0.03916,8292.403,0.013
6767.1,12.000,0.03949,8354.478,0.013
6816.8,12.100,0.03982,8415.764,0.013
6864.7,12.200,0.04015,8474.890,0.013
6911.9,12.300,0.04048,8533.129,0.013
6959.0,12.400,0.04081,8591.385,0.014
7006.1,12.500,0.04114,8649.511,0.014
7052.7,12.600,0.04147,8706.982,0.014
7099.3,12.700,0.04180,8764.526,0.014
7143.6,12.800,0.04213,8819.173,0.014
7188.3,12.900,0.04246,8874.462,0.014
7232.4,13.000,0.04279,8928.812,0.014
7276.6,13.100,0.04312,8983.447,0.014
7319.8,13.200,0.04346,9036.745,0.014
7361.7,13.300,0.04378,9088.513,0.015
7402.5,13.400,0.04412,9138.811,0.015
7442.1,13.500,0.04444,9187.795,0.015
7481.8,13.600,0.04477,9236.792,0.015
7522.1,13.700,0.04511,9286.533,0.015
7561.9,13.800,0.04544,9335.614,0.015
7599.7,13.900,0.04577,9382.320,0.015
7637.5,14.000,0.04610,9428.997,0.015
7674.7,14.100,0.04643,9474.865,0.015
7711.8,14.200,0.04677,9520.665,0.016
7747.5,14.300,0.04710,9564.750,0.016
7782.4,14.400,0.04743,9607.910,0.016
7815.2,14.500,0.04776,9648.426,0.016
7847.5,14.600,0.04809,9688.248,0.016
7877.6,14.700,0.04842,9725.360,0.016
7909.5,14.800,0.04876,9764.814,0.016
7939.7,14.900,0.04909,9802.065,0.016
7970.3,15.000,0.04942,9839.837,0.016
7999.2,15.100,0.04975,9875.565,0.017
8027.0,15.200,0.05008,9909.832,0.017
8054.3,15.300,0.05041,9943.604,0.017
8080.6,15.400,0.05074,9976.059,0.017
8105.4,15.500,0.05108,10006.679,0.017
8129.9,15.600,0.05141,10036.921,0.017
8151.5,15.700,0.05174,10063.568,0.017
8173.8,15.800,0.05207,10091.089,0.017
8195.2,15.900,0.05240,10117.522,0.017
8217.0,16.000,0.05274,10144.391,0.018
8238.4,16.100,0.05307,10170.820,0.018
8257.4,16.200,0.05340,10194.328,0.018
8275.5,16.300,0.05373,10216.691,0.018
8293.8,16.400,0.05406,10239.207,0.018
8310.6,16.500,0.05440,10260.007,0.018
8327.5,16.600,0.05473,10280.873,0.018
8343.7,16.700,0.05507,10300.891,0.018
8357.9,16.800,0.05540,10318.357,0.018
8371.5,16.900,0.05573,10335.134,0.019
8384.9,17.000,0.05606,10351.670,0.019
8398.9,17.100,0.05640,10369.009,0.019
8412.5,17.200,0.05673,10385.821,0.019
8425.1,17.300,0.05706,10401.307,0.019
8436.4,17.400,0.05739,10415.288,0.019
8447.7,17.500,0.05772,10429.266,0.019
8458.0,17.600,0.05806,10441.883,0.019
8469.0,17.700,0.05839,10455.525,0.019
8478.4,17.800,0.05872,10467.107,0.020
8487.6,17.900,0.05906,10478.429,0.020
8494.9,18.000,0.05939,10487.453,0.020
8501.7,18.100,0.05972,10495.902,0.020
8509.0,18.200,0.06005,10504.900,0.020
8516.5,18.300,0.06038,10514.155,0.020
8522.8,18.400,0.06071,10522.000,0.020
8529.1,18.500,0.06105,10529.748,0.020
8532.6,18.600,0.06138,10533.987,0.020
8536.6,18.700,0.06171,10539.013,0.021
8539.2,18.800,0.06204,10542.243,0.021
8542.1,18.900,0.06238,10545.754,0.021
8544.5,19.000,0.06272,10548.700,0.021
8544.5,19.100,0.06305,10548.680,0.021
8543.2,19.200,0.06338,10547.180,0.021
8542.4,19.300,0.06371,10546.087,0.021
8540.5,19.400,0.06405,10543.851,0.021
8538.5,19.500,0.06438,10541.301,0.021
8535.0,19.600,0.06472,10536.971,0.022
8529.5,19.700,0.06505,10530.170,0.022
8522.5,19.800,0.06539,10521.580,0.022
8513.3,19.900,0.06572,10510.249,0.022
8504.4,20.000,0.06606,10499.283,0.022
8493.2,20.100,0.06639,10485.406,0.022
8479.8,20.200,0.06672,10468.854,0.022
8463.1,20.300,0.06706,10448.204,0.022
8445.0,20.400,0.06739,10425.842,0.022
8425.2,20.500,0.06772,10401.393,0.023
8406.0,20.600,0.06806,10377.761,0.023
8385.7,20.700,0.06839,10352.648,0.023
8365.9,20.800,0.06873,10328.216,0.023
8343.5,20.900,0.06906,10300.579,0.023
8320.4,21.000,0.06939,10272.051,0.023
8296.0,21.100,0.06973,10241.943,0.023
8268.1,21.200,0.07007,10207.522,0.023
8237.9,21.300,0.07040,10170.258,0.023
8205.1,21.400,0.07073,10129.729,0.024
8171.5,21.500,0.07106,10088.274,0.024
8141.6,21.600,0.07140,10051.271,0.024
8114.7,21.700,0.07174,10018.151,0.024
8090.2,21.800,0.07208,9987.881,0.024
8067.9,21.900,0.07242,9960.286,0.024
8043.2,22.000,0.07275,9929.822,0.024
8019.3,22.100,0.07308,9900.384,0.024
7995.4,22.200,0.07341,9870.848,0.024
7971.9,22.300,0.07375,9841.856,0.025
7948.7,22.400,0.07409,9813.139,0.025
7926.9,22.500,0.07442,9786.273,0.025
7907.0,22.600,0.07476,9761.641,0.025
7890.1,22.700,0.07509,9740.864,0.025
7875.3,22.800,0.07542,9722.545,0.025
7862.6,22.900,0.07576,9706.822,0.025
7850.5,23.000,0.07609,9691.941,0.025
7840.2,23.100,0.07642,9679.270,0.025
7830.4,23.200,0.07676,9667.072,0.026
7822.5,23.300,0.07709,9657.370,0.026
7816.9,23.400,0.07743,9650.429,0.026
7813.4,23.500,0.07776,9646.144,0.026
7811.2,23.600,0.07810,9643.427,0.026
7810.0,23.700,0.07843,9641.903,0.026
7808.2,23.800,0.07876,9639.708,0.026
7807.3,23.900,0.07909,9638.655,0.026
7807.8,24.000,0.07943,9639.211,0.026
7806.8,24.100,0.07976,9637.960,0.027
7806.6,24.200,0.08010,9637.759,0.027
7804.5,24.300,0.08043,9635.122,0.027
7802.9,24.400,0.08077,9633.216,0.027
7801.4,24.500,0.08110,9631.365,0.027
7800.2,24.600,0.08143,9629.814,0.027
7798.6,24.700,0.08177,9627.888,0.027
7796.3,24.800,0.08210,9625.030,0.027
7792.7,24.900,0.08243,9620.543,0.027
7789.9,25.000,0.08277,9617.091,0.028
7786.8,25.100,0.08310,9613.270,0.028
7785.7,25.200,0.08343,9611.955,0.028
7786.0,25.300,0.08377,9612.279,0.028
7786.6,25.400,0.08410,9613.007,0.028
7788.0,25.500,0.08443,9614.794,0.028
7789.7,25.600,0.08477,9616.931,0.028
7791.5,25.700,0.08510,9619.071,0.028
7794.1,25.800,0.08543,9622.318,0.028
7796.4,25.900,0.08577,9625.109,0.029
7797.3,26.000,0.08610,9626.323,0.029
7798.3,26.100,0.08643,9627.538,0.029
7799.4,26.200,0.08676,9628.859,0.029
7801.3,26.300,0.08710,9631.161,0.029
7802.1,26.400,0.08743,9632.136,0.029
7802.0,26.500,0.08777,9632.106,0.029
7801.8,26.600,0.08810,9631.794,0.029
7800.4,26.700,0.08843,9630.075,0.029
7799.4,26.800,0.08877,9628.904,0.030
7798.4,26.900,0.08910,9627.602,0.030
7794.7,27.000,0.08944,9623.069,0.030
7790.7,27.100,0.08977,9618.104,0.030
7783.2,27.200,0.09010,9608.855,0.030
7775.3,27.300,0.09043,9599.097,0.030
7767.8,27.400,0.09077,9589.799,0.030
7760.2,27.500,0.09110,9580.459,0.030
7751.8,27.600,0.09144,9570.123,0.030
7742.3,27.700,0.09177,9558.329,0.031
7732.5,27.800,0.09210,9546.225,0.031
7724.2,27.900,0.09244,9536.039,0.031
7717.7,28.000,0.09277,9528.019,0.031
7713.9,28.100,0.09310,9523.280,0.031
7711.7,28.200,0.09344,9520.533,0.031
7709.7,28.300,0.09377,9518.147,0.031
7707.8,28.400,0.09410,9515.793,0.031
7705.7,28.500,0.09443,9513.235,0.031
7704.8,28.600,0.09477,9512.026,0.032
7703.2,28.700,0.09510,9510.074,0.032
7701.3,28.800,0.09544,9507.797,0.032
7699.1,28.900,0.09577,9505.002,0.032
7697.4,29.000,0.09611,9502.956,0.032
7695.7,29.100,0.09644,9500.787,0.032
7695.4,29.200,0.09677,9500.420,0.032
7693.6,29.300,0.09710,9498.238,0.032
7691.6,29.400,0.09744,9495.803,0.032
7688.2,29.500,0.09777,9491.624,0.033
7683.8,29.600,0.09810,9486.102,0.033
7680.0,29.700,0.09844,9481.465,0.033
7676.1,29.800,0.09877,9476.671,0.033
7671.7,29.900,0.09910,9471.235,0.033
7667.0,30.000,0.09944,9465.346,0.033
7659.6,30.100,0.09977,9456.304,0.033
7652.8,30.200,0.10010,9447.854,0.033
7646.0,30.300,0.10043,9439.469,0.033
7639.6,30.400,0.10077,9431.516,0.034
7633.0,30.500,0.10110,9423.486,0.034
7623.8,30.600,0.10144,9412.026,0.034
7613.1,30.700,0.10177,9398.864,0.034
7601.5,30.800,0.10210,9384.485,0.034
7588.6,30.900,0.10244,9368.562,0.034
7574.9,31.000,0.10278,9351.719,0.034
7559.8,31.100,0.10311,9333.030,0.034
7541.9,31.200,0.10345,9310.946,0.034
7522.8,31.300,0.10378,9287.361,0.035
7502.4,31.400,0.10411,9262.216,0.035
7483.2,31.500,0.10445,9238.547,0.035
7464.5,31.600,0.10479,9215.461,0.035
7447.0,31.700,0.10512,9193.761,0.035
7430.1,31.800,0.10545,9172.931,0.035
7415.4,31.900,0.10578,9154.827,0.035
7402.5,32.000,0.10612,9138.834,0.035
7392.5,32.100,0.10646,9126.454,0.035
7382.9,32.200,0.10679,9114.661,0.036
7374.9,32.300,0.10713,9104.843,0.036
7367.6,32.400,0.10745,9095.808,0.036
7361.8,32.500,0.10778,9088.594,0.036
7359.0,32.600,0.10812,9085.113,0.036
7357.0,32.700,0.10846,9082.702,0.036
7356.3,32.800,0.10880,9081.777,0.036
7355.1,32.900,0.10913,9080.335,0.036
7351.8,33.000,0.10946,9076.295,0.036
7348.5,33.100,0.10979,9072.163,0.037
7345.0,33.200,0.11013,9067.812,0.037
7341.1,33.300,0.11046,9063.008,0.037
7337.7,33.400,0.11080,9058.812,0.037
7333.0,33.500,0.11113,9053.029,0.037
7328.7,33.600,0.11146,9047.707,0.037
7324.3,33.700,0.11180,9042.318,0.037
7321.1,33.800,0.11213,9038.360,0.037
7317.6,33.900,0.11247,9034.090,0.037
7313.1,34.000,0.11280,9028.504,0.038
7307.0,34.100,0.11313,9020.947,0.038
7301.5,34.200,0.11347,9014.109,0.038
7295.8,34.300,0.11380,9007.181,0.038
7291.0,34.400,0.11413,9001.268,0.038
7286.7,34.500,0.11447,8995.941,0.038
7282.0,34.600,0.11480,8990.061,0.038
7277.7,34.700,0.11513,8984.772,0.038
7272.4,34.800,0.11546,8978.239,0.038
7268.1,34.900,0.11579,8972.873,0.039
7263.4,35.000,0.11613,8967.176,0.039
7257.9,35.100,0.11647,8960.326,0.039
7251.4,35.200,0.11680,8952.275,0.039
7243.6,35.300,0.11713,8942.669,0.039
7236.5,35.400,0.11746,8933.917,0.039
7229.9,35.500,0.11780,8925.745,0.039
7222.9,35.600,0.11814,8917.176,0.039
7217.0,35.700,0.11847,8909.853,0.039
7209.3,35.800,0.11881,8900.379,0.040
7202.3,35.900,0.11914,8891.712,0.040
7196.1,36.000,0.11947,8884.019,0.040
7191.1,36.100,0.11981,8877.900,0.040
7187.0,36.200,0.12014,8872.870,0.040
7183.1,36.300,0.12048,8867.956,0.040
7178.8,36.400,0.12081,8862.676,0.040
7175.8,36.500,0.12114,8858.999,0.040
7171.7,36.600,0.12147,8853.862,0.040
7169.7,36.700,0.12180,8851.510,0.041
7168.1,36.800,0.12214,8849.443,0.041
7166.1,36.900,0.12247,8846.988,0.041
7163.8,37.000,0.12280,8844.149,0.041
7162.9,37.100,0.12314,8843.096,0.041
7163.4,37.200,0.12347,8843.637,0.041
7164.5,37.300,0.12381,8845.040,0.041
7165.5,37.400,0.12414,8846.216,0.041
7167.0,37.500,0.12448,8848.145,0.041
7168.2,37.600,0.12481,8849.613,0.042
7170.0,37.700,0.12514,8851.863,0.042
7173.3,37.800,0.12548,8855.924,0.042
7176.2,37.900,0.12581,8859.472,0.042
7179.5,38.000,0.12614,8863.539,0.042
7181.7,38.100,0.12648,8866.282,0.042
7182.6,38.200,0.12681,8867.375,0.042
7182.9,38.300,0.12714,8867.754,0.042
7183.9,38.400,0.12748,8868.940,0.042
7182.0,38.500,0.12781,8866.698,0.043
7180.9,38.600,0.12815,8865.276,0.043
7177.5,38.700,0.12848,8861.142,0.043
7174.4,38.800,0.12881,8857.268,0.043
7172.2,38.900,0.12915,8854.503,0.043
7171.3,39.000,0.12948,8853.417,0.043
7171.1,39.100,0.12982,8853.184,0.043
7171.2,39.200,0.13015,8853.254,0.043
7171.6,39.300,0.13048,8853.791,0.043
7173.3,39.400,0.13081,8855.917,0.044
7174.9,39.500,0.13115,8857.893,0.044
7176.5,39.600,0.13148,8859.889,0.044
7178.8,39.700,0.13182,8862.667,0.044
7179.1,39.800,0.13215,8863.106,0.044
7179.1,39.900,0.13248,8863.111,0.044
7178.7,40.000,0.13281,8862.609,0.044
7178.6,40.100,0.13315,8862.433,0.044
7178.3,40.200,0.13348,8862.121,0.044
7177.0,40.300,0.13381,8860.464,0.045
7174.9,40.400,0.13415,8857.897,0.045
7173.3,40.500,0.13448,8855.890,0.045
7170.5,40.600,0.13481,8852.486,0.045
7169.4,40.700,0.13515,8851.120,0.045
7166.4,40.800,0.13548,8847.438,0.045
7163.3,40.900,0.13582,8843.574,0.045
7159.0,41.000,0.13615,8838.202,0.045
7153.9,41.100,0.13648,8831.981,0.045
7149.2,41.200,0.13682,8826.158,0.046
7144.8,41.300,0.13715,8820.710,0.046
7140.0,41.400,0.13748,8814.813,0.046
7135.4,41.500,0.13782,8809.129,0.046
7128.7,41.600,0.13815,8800.858,0.046
7122.3,41.700,0.13848,8792.898,0.046
7115.5,41.800,0.13882,8784.538,0.046
7109.1,41.900,0.13915,8776.635,0.046
7103.2,42.000,0.13949,8769.300,0.046
7096.1,42.100,0.13982,8760.639,0.047
7089.0,42.200,0.14015,8751.796,0.047
7083.0,42.300,0.14048,8744.368,0.047
7077.5,42.400,0.14082,8737.593,0.047
7072.8,42.500,0.14115,8731.863,0.047
7068.0,42.600,0.14149,8725.943,0.047
7062.6,42.700,0.14182,8719.281,0.047
7058.0,42.800,0.14216,8713.604,0.047
7053.9,42.900,0.14249,8708.502,0.047
7052.0,43.000,0.14282,8706.118,0.048
7050.7,43.100,0.14316,8704.524,0.048
7049.9,43.200,0.14349,8703.580,0.048
7049.1,43.300,0.14383,8702.510,0.048
7048.8,43.400,0.14416,8702.224,0.048
7047.6,43.500,0.14449,8700.741,0.048
7048.6,43.600,0.14483,8701.891,0.048
7048.6,43.700,0.14516,8701.991,0.048
7050.0,43.800,0.14549,8703.654,0.048
7050.6,43.900,0.14583,8704.409,0.049
7050.6,44.000,0.14616,8704.369,0.049
7051.2,44.100,0.14649,8705.135,0.049
7051.0,44.200,0.14683,8704.968,0.049
7050.6,44.300,0.14716,8704.458,0.049
7049.9,44.400,0.14750,8703.596,0.049
7048.2,44.500,0.14783,8701.502,0.049
7047.7,44.600,0.14816,8700.845,0.049
7047.3,44.700,0.14849,8700.402,0.049
7047.6,44.800,0.14883,8700.742,0.050
7048.0,44.900,0.14917,8701.263,0.050
7047.1,45.000,0.14950,8700.104,0.050
7046.0,45.100,0.14983,8698.705,0.050
7043.7,45.200,0.15016,8695.890,0.050
7040.8,45.300,0.15050,8692.297,0.050
7037.1,45.400,0.15083,8687.712,0.050
7033.7,45.500,0.15117,8683.590,0.050
7029.3,45.600,0.15150,8678.098,0.051
7025.7,45.700,0.15183,8673.692,0.051
7022.5,45.800,0.15217,8669.702,0.051
7021.3,45.900,0.15250,8668.286,0.051
7020.1,46.000,0.15284,8666.706,0.051
7018.4,46.100,0.15317,8664.689,0.051
7016.1,46.200,0.15350,8661.884,0.051
7013.0,46.300,0.15383,8657.948,0.051
7010.1,46.400,0.15417,8654.376,0.051
7006.6,46.500,0.15450,8650.124,0.052
7003.1,46.600,0.15483,8645.778,0.052
6999.4,46.700,0.15517,8641.193,0.052
6995.3,46.800,0.15550,8636.095,0.052
6991.5,46.900,0.15583,8631.430,0.052
6989.3,47.000,0.15617,8628.743,0.052
6987.5,47.100,0.15650,8626.528,0.052
6986.5,47.200,0.15684,8625.337,0.052
6985.1,47.300,0.15717,8623.594,0.052
6983.3,47.400,0.15750,8621.392,0.052
6981.7,47.500,0.15783,8619.325,0.053
6980.4,47.600,0.15817,8617.703,0.053
6978.7,47.700,0.15850,8615.639,0.053
6977.6,47.800,0.15884,8614.320,0.053
6974.7,47.900,0.15917,8610.708,0.053
6972.2,48.000,0.15950,8607.629,0.053
6969.4,48.100,0.15984,8604.124,0.053
6967.9,48.200,0.16017,8602.271,0.053
6966.3,48.300,0.16051,8600.296,0.054
6965.0,48.400,0.16084,8598.796,0.054
6963.3,48.500,0.16117,8596.701,0.054
6962.1,48.600,0.16150,8595.177,0.054
6960.9,48.700,0.16183,8593.706,0.054
6959.5,48.800,0.16217,8591.948,0.054
6957.0,48.900,0.16251,8588.851,0.054
6953.1,49.000,0.16284,8584.051,0.054
6948.9,49.100,0.16317,8578.919,0.054
6944.0,49.200,0.16350,8572.756,0.055
6939.5,49.300,0.16384,8567.212,0.055
6934.9,49.400,0.16417,8561.523,0.055
6929.1,49.500,0.16451,8554.441,0.055
6923.0,49.600,0.16484,8546.833,0.055
6915.6,49.700,0.16517,8537.755,0.055
6907.6,49.800,0.16550,8527.842,0.055
6900.6,49.900,0.16584,8519.249,0.055
6892.9,50.000,0.16618,8509.756,0.055
6887.0,50.100,0.16651,8502.424,0.056
6879.9,50.200,0.16684,8493.615,0.056
6873.2,50.300,0.16717,8485.436,0.056
6867.4,50.400,0.16751,8478.209,0.056
6862.0,50.500,0.16784,8471.639,0.056
6856.9,50.600,0.16818,8465.335,0.056
6852.5,50.700,0.16851,8459.790,0.056
6845.7,50.800,0.16884,8451.498,0.056
6839.9,50.900,0.16917,8444.298,0.056
6834.4,51.000,0.16951,8437.562,0.057
6830.0,51.100,0.16984,8432.035,0.057
6825.0,51.200,0.17018,8425.894,0.057
6819.6,51.300,0.17051,8419.265,0.057
6813.3,51.400,0.17084,8411.416,0.057
6807.3,51.500,0.17118,8404.073,0.057
6801.2,51.600,0.17151,8396.478,0.057
6794.8,51.700,0.17185,8388.605,0.057
6787.2,51.800,0.17218,8379.273,0.057
6778.4,51.900,0.17252,8368.412,0.058
6769.4,52.000,0.17285,8357.235,0.058
6758.5,52.100,0.17318,8343.770,0.058
6748.4,52.200,0.17352,8331.308,0.058
6737.7,52.300,0.17385,8318.077,0.058
6726.4,52.400,0.17419,8304.219,0.058
6713.8,52.500,0.17452,8288.617,0.058
6699.9,52.600,0.17485,8271.470,0.058
6683.8,52.700,0.17519,8251.538,0.058
6666.5,52.800,0.17552,8230.254,0.059
6647.4,52.900,0.17586,8206.668,0.059
6628.1,53.000,0.17619,8182.784,0.059
6607.4,53.100,0.17653,8157.303,0.059
6583.6,53.200,0.17686,8127.922,0.059
6560.4,53.300,0.17719,8099.236,0.059
6538.3,53.400,0.17753,8071.957,0.059
6517.0,53.500,0.17786,8045.639,0.059
6495.6,53.600,0.17820,8019.173,0.059
6474.4,53.700,0.17853,7993.121,0.060
6453.8,53.800,0.17886,7967.690,0.060
6433.3,53.900,0.17920,7942.290,0.060
6410.6,54.000,0.17953,7914.244,0.060
6386.9,54.100,0.17987,7885.051,0.060
6361.4,54.200,0.18020,7853.594,0.060
6334.1,54.300,0.18054,7819.843,0.060
6305.5,54.400,0.18087,7784.572,0.060
6279.2,54.500,0.18121,7752.124,0.060
6256.1,54.600,0.18154,7723.495,0.061
6236.4,54.700,0.18187,7699.263,0.061
6219.2,54.800,0.18221,7678.003,0.061
6205.3,54.900,0.18254,7660.865,0.061
6193.5,55.000,0.18287,7646.221,0.061
6184.5,55.100,0.18321,7635.191,0.061
6176.2,55.200,0.18354,7624.880,0.061
6169.3,55.300,0.18388,7616.422,0.061
6163.1,55.400,0.18421,7608.729,0.061
6157.5,55.500,0.18454,7601.803,0.062
6153.3,55.600,0.18488,7596.634,0.062
6150.1,55.700,0.18521,7592.732,0.062
6147.9,55.800,0.18555,7589.933,0.062
6146.3,55.900,0.18588,7588.012,0.062
6144.0,56.000,0.18621,7585.219,0.062
6142.5,56.100,0.18655,7583.364,0.062
6141.0,56.200,0.18688,7581.489,0.062
6139.7,56.300,0.18722,7579.856,0.062
6138.8,56.400,0.18756,7578.712,0.063
6136.5,56.500,0.18789,7575.903,0.063
6134.3,56.600,0.18822,7573.128,0.063
6132.1,56.700,0.18855,7570.411,0.063
6130.3,56.800,0.18889,7568.239,0.063
6128.2,56.900,0.18923,7565.655,0.063
6126.5,57.000,0.18956,7563.600,0.063
6122.6,57.100,0.18989,7558.727,0.063
6118.9,57.200,0.19023,7554.178,0.063
6113.8,57.300,0.19056,7547.897,0.064
6108.8,57.400,0.19089,7541.666,0.064
6103.1,57.500,0.19123,7534.727,0.064
6097.2,57.600,0.19156,7527.340,0.064
6090.4,57.700,0.19190,7518.967,0.064
6083.6,57.800,0.19223,7510.627,0.064
6074.6,57.900,0.19256,7499.480,0.064
6066.1,58.000,0.19289,7488.998,0.064
6059.7,58.100,0.19323,7481.098,0.064
6054.0,58.200,0.19356,7473.990,0.065
6047.9,58.300,0.19390,7466.521,0.065
6041.6,58.400,0.19422,7458.689,0.065
6035.9,58.500,0.19456,7451.763,0.065
6030.0,58.600,0.19489,7444.428,0.065
6024.6,58.700,0.19523,7437.732,0.065
6018.9,58.800,0.19556,7430.774,0.065
6013.6,58.900,0.19589,7424.167,0.065
6007.9,59.000,0.19622,7417.151,0.065
6003.2,59.100,0.19656,7411.294,0.066
5997.8,59.200,0.19689,7404.688,0.066
5993.1,59.300,0.19723,7398.829,0.066
5987.2,59.400,0.19756,7391.539,0.066
5982.6,59.500,0.19789,7385.953,0.066
5978.2,59.600,0.19822,7380.433,0.066
5974.6,59.700,0.19856,7375.994,0.066
5971.0,59.800,0.19889,7371.642,0.066
5968.5,59.900,0.19923,7368.472,0.066
5964.8,60.000,0.19956,7363.875,0.067
5960.3,60.100,0.19989,7358.433,0.067
5955.7,60.200,0.20022,7352.696,0.067
5951.6,60.300,0.20056,7347.655,0.067
5947.2,60.400,0.20089,7342.188,0.067
5940.6,60.500,0.20123,7333.999,0.067
5933.5,60.600,0.20156,7325.310,0.067
5927.2,60.700,0.20189,7317.451,0.067
5922.3,60.800,0.20223,7311.448,0.067
5918.5,60.900,0.20256,7306.750,0.068
5914.2,61.000,0.20290,7301.477,0.068
5910.1,61.100,0.20323,7296.371,0.068
5905.4,61.200,0.20356,7290.633,0.068
5900.2,61.300,0.20390,7284.115,0.068
5895.8,61.400,0.20423,7278.727,0.068
5891.2,61.500,0.20457,7273.082,0.068
5887.6,61.600,0.20491,7268.639,0.068
5882.8,61.700,0.20524,7262.638,0.068
5878.8,61.800,0.20557,7257.743,0.069
5875.4,61.900,0.20591,7253.508,0.069
5873.4,62.000,0.20624,7251.145,0.069
5871.7,62.100,0.20658,7248.962,0.069
5870.5,62.200,0.20691,7247.544,0.069
5868.8,62.300,0.20724,7245.354,0.069
5867.1,62.400,0.20758,7243.336,0.069
5866.9,62.500,0.20791,7243.048,0.069
5867.1,62.600,0.20824,7243.251,0.069
5866.8,62.700,0.20858,7242.992,0.070
5865.5,62.800,0.20891,7241.297,0.070
5863.8,62.900,0.20925,7239.243,0.070
5861.9,63.000,0.20958,7236.839,0.070
5860.2,63.100,0.20991,7234.838,0.070
5859.0,63.200,0.21025,7233.281,0.070
5858.2,63.300,0.21058,7232.341,0.070
5856.9,63.400,0.21091,7230.748,0.070
5856.3,63.500,0.21125,7229.980,0.070
5855.7,63.600,0.21158,7229.217,0.071
5855.8,63.700,0.21191,7229.407,0.071
5854.3,63.800,0.21225,7227.528,0.071
5852.7,63.900,0.21258,7225.555,0.071
5850.4,64.000,0.21291,7222.657,0.071
5847.6,64.100,0.21324,7219.226,0.071
5844.8,64.200,0.21357,7215.722,0.071
5842.8,64.300,0.21391,7213.306,0.071
5839.1,64.400,0.21424,7208.697,0.071
5836.3,64.500,0.21458,7205.234,0.072
5832.2,64.600,0.21491,7200.174,0.072
5827.7,64.700,0.21524,7194.692,0.072
5824.5,64.800,0.21557,7190.672,0.072
5821.3,64.900,0.21591,7186.828,0.072
5818.3,65.000,0.21624,7183.057,0.072
5814.4,65.100,0.21658,7178.253,0.072
5809.0,65.200,0.21691,7171.534,0.072
5803.7,65.300,0.21724,7165.049,0.072
5799.0,65.400,0.21757,7159.190,0.073
5794.5,65.500,0.21791,7153.635,0.073
5790.8,65.600,0.21824,7149.151,0.073
5786.1,65.700,0.21858,7143.324,0.073
5782.6,65.800,0.21891,7138.950,0.073
5779.1,65.900,0.21924,7134.635,0.073
5776.4,66.000,0.21958,7131.300,0.073
5773.9,66.100,0.21992,7128.214,0.073
5771.6,66.200,0.22025,7125.429,0.073
5768.0,66.300,0.22058,7121.010,0.074
5765.0,66.400,0.22092,7117.300,0.074
5761.0,66.500,0.22125,7112.309,0.074
5758.7,66.600,0.22159,7109.459,0.074
5755.8,66.700,0.22192,7105.886,0.074
5753.4,66.800,0.22226,7102.984,0.074
5751.6,66.900,0.22259,7100.756,0.074
5749.6,67.000,0.22292,7098.310,0.074
5748.3,67.100,0.22325,7096.655,0.074
5747.6,67.200,0.22359,7095.777,0.075
5746.6,67.300,0.22392,7094.524,0.075
5745.4,67.400,0.22426,7093.046,0.075
5743.0,67.500,0.22459,7090.045,0.075
5740.5,67.600,0.22492,7087.017,0.075
5739.3,67.700,0.22526,7085.525,0.075
5737.6,67.800,0.22559,7083.479,0.075
5737.0,67.900,0.22592,7082.696,0.075
5735.3,68.000,0.22626,7080.648,0.075
5733.0,68.100,0.22659,7077.722,0.076
5730.6,68.200,0.22692,7074.803,0.076
5728.6,68.300,0.22726,7072.350,0.076
5726.5,68.400,0.22759,7069.685,0.076
5724.5,68.500,0.22793,7067.205,0.076
5721.1,68.600,0.22825,7063.086,0.076
5718.1,68.700,0.22859,7059.328,0.076
5715.5,68.800,0.22892,7056.102,0.076
5714.0,68.900,0.22925,7054.239,0.076
5713.3,69.000,0.22959,7053.396,0.077
5713.5,69.100,0.22992,7053.742,0.077
5712.8,69.200,0.23025,7052.870,0.077
5712.8,69.300,0.23058,7052.856,0.077
5712.5,69.400,0.23091,7052.490,0.077
5713.3,69.500,0.23125,7053.384,0.077
5713.8,69.600,0.23158,7054.087,0.077
5714.4,69.700,0.23192,7054.796,0.077
5714.2,69.800,0.23225,7054.547,0.077
5714.2,69.900,0.23258,7054.536,0.078
5714.8,70.000,0.23292,7055.260,0.078
5715.8,70.100,0.23325,7056.502,0.078
5717.4,70.200,0.23359,7058.444,0.078
5718.8,70.300,0.23392,7060.244,0.078
5719.8,70.400,0.23425,7061.476,0.078
5720.9,70.500,0.23458,7062.839,0.078
5721.8,70.600,0.23492,7063.976,0.078
5722.9,70.700,0.23525,7065.257,0.078
5724.1,70.800,0.23559,7066.821,0.079
5724.3,70.900,0.23592,7067.019,0.079
5724.4,71.000,0.23626,7067.098,0.079
5724.2,71.100,0.23659,7066.846,0.079
5725.1,71.200,0.23693,7068.029,0.079
5725.4,71.300,0.23726,7068.350,0.079
5725.7,71.400,0.23759,7068.684,0.079
5724.9,71.500,0.23792,7067.710,0.079
5723.3,71.600,0.23826,7065.766,0.079
5719.2,71.700,0.23859,7060.696,0.080
5717.0,71.800,0.23893,7057.996,0.080
5715.4,71.900,0.23926,7056.021,0.080
5712.6,72.000,0.23959,7052.566,0.080
5709.1,72.100,0.23993,7048.279,0.080
5704.9,72.200,0.24026,7043.035,0.080
5699.2,72.300,0.24060,7035.985,0.080
5693.6,72.400,0.24093,7029.135,0.080
5687.1,72.500,0.24126,7021.046,0.080
5680.1,72.600,0.24160,7012.411,0.081
5672.5,72.700,0.24193,7003.021,0.081
5663.9,72.800,0.24226,6992.436,0.081
5656.0,72.900,0.24260,6982.729,0.081
5647.1,73.000,0.24293,6971.707,0.081
5639.4,73.100,0.24327,6962.229,0.081
5631.6,73.200,0.24360,6952.626,0.081
5624.6,73.300,0.24393,6943.949,0.081
5618.3,73.400,0.24427,6936.089,0.081
5612.6,73.500,0.24460,6929.150,0.082
5607.1,73.600,0.24494,6922.304,0.082
5601.7,73.700,0.24527,6915.648,0.082
5595.1,73.800,0.24560,6907.452,0.082
5587.4,73.900,0.24593,6898.016,0.082
5575.3,74.000,0.24626,6883.093,0.082
5569.2,74.100,0.24660,6875.579,0.082
5563.4,74.200,0.24693,6868.426,0.082
5557.7,74.300,0.24727,6861.364,0.082
5550.8,74.400,0.24760,6852.766,0.083
5544.0,74.500,0.24793,6844.367,0.083
5536.8,74.600,0.24827,6835.563,0.083
5531.0,74.700,0.24860,6828.334,0.083
5525.0,74.800,0.24893,6820.986,0.083
5518.9,74.900,0.24927,6813.461,0.083
5513.1,75.000,0.24960,6806.305,0.083
5507.6,75.100,0.24993,6799.426,0.083
5502.8,75.200,0.25027,6793.603,0.083
5498.3,75.300,0.25060,6788.025,0.084
5493.5,75.400,0.25094,6782.113,0.084
5488.5,75.500,0.25127,6775.949,0.084
5484.5,75.600,0.25161,6770.967,0.084
5479.2,75.700,0.25194,6764.459,0.084
5474.8,75.800,0.25228,6759.037,0.084
5469.0,75.900,0.25261,6751.811,0.084
5462.5,76.000,0.25295,6743.793,0.084
5454.3,76.100,0.25328,6733.638,0.084
5448.0,76.200,0.25361,6725.939,0.085
5441.3,76.300,0.25394,6717.631,0.085
5433.9,76.400,0.25428,6708.515,0.085
5426.2,76.500,0.25462,6699.000,0.085
5419.0,76.600,0.25495,6690.076,0.085
5411.3,76.700,0.25528,6680.646,0.085
5404.8,76.800,0.25561,6672.510,0.085
5398.9,76.900,0.25594,6665.344,0.085
5393.2,77.000,0.25628,6658.279,0.085
5388.1,77.100,0.25662,6651.989,0.086
5382.3,77.200,0.25695,6644.823,0.086
5376.0,77.300,0.25728,6636.983,0.086
5369.8,77.400,0.25761,6629.381,0.086
5364.4,77.500,0.25795,6622.675,0.086
5358.8,77.600,0.25829,6615.806,0.086
5354.1,77.700,0.25862,6609.952,0.086
5348.8,77.800,0.25895,6603.430,0.086
5345.2,77.900,0.25928,6599.023,0.086
5341.5,78.000,0.25961,6594.363,0.087
5337.2,78.100,0.25995,6589.092,0.087
5333.0,78.200,0.26029,6583.935,0.087
5329.8,78.300,0.26062,6580.007,0.087
5325.7,78.400,0.26095,6574.924,0.087
5322.2,78.500,0.26128,6570.583,0.087
5318.4,78.600,0.26162,6565.908,0.087
5315.3,78.700,0.26195,6562.039,0.087
5311.0,78.800,0.26229,6556.759,0.087
5308.4,78.900,0.26262,6553.522,0.088
5305.4,79.000,0.26295,6549.824,0.088
5302.6,79.100,0.26328,6546.367,0.088
5300.5,79.200,0.26362,6543.796,0.088
5298.3,79.300,0.26395,6541.081,0.088
5295.9,79.400,0.26429,6538.182,0.088
5292.5,79.500,0.26462,6533.991,0.088
5288.3,79.600,0.26495,6528.804,0.088
5284.4,79.700,0.26528,6523.987,0.088
5280.6,79.800,0.26562,6519.278,0.089
5275.9,79.900,0.26595,6513.410,0.089
5272.3,80.000,0.26629,6508.948,0.089
5268.6,80.100,0.26662,6504.441,0.089
5265.1,80.200,0.26695,6500.065,0.089
5261.7,80.300,0.26729,6495.898,0.089
5257.8,80.400,0.26762,6491.052,0.089
5253.2,80.500,0.26796,6485.399,0.089
5248.2,80.600,0.26829,6479.246,0.089
5242.6,80.700,0.26862,6472.349,0.090
5237.6,80.800,0.26896,6466.206,0.090
5231.6,80.900,0.26929,6458.779,0.090
5226.8,81.000,0.26962,6452.825,0.090
5221.1,81.100,0.26996,6445.769,0.090
5214.9,81.200,0.27029,6438.084,0.090
5208.3,81.300,0.27063,6429.955,0.090
5202.2,81.400,0.27095,6422.464,0.090
5197.0,81.500,0.27129,6416.084,0.090
5192.2,81.600,0.27162,6410.066,0.091
5187.3,81.700,0.27196,6404.041,0.091
5183.1,81.800,0.27229,6398.813,0.091
5179.0,81.900,0.27263,6393.865,0.091
5175.2,82.000,0.27295,6389.100,0.091
5172.8,82.100,0.27329,6386.155,0.091
5170.8,82.200,0.27362,6383.667,0.091
5169.6,82.300,0.27396,6382.233,0.091
5168.0,82.400,0.27429,6380.286,0.091
5167.0,82.500,0.27462,6378.938,0.092
5165.9,82.600,0.27495,6377.624,0.092
5165.3,82.700,0.27529,6376.881,0.092
5164.4,82.800,0.27562,6375.757,0.092
5164.6,82.900,0.27596,6375.987,0.092
5163.9,83.000,0.27629,6375.137,0.092
5163.8,83.100,0.27663,6375.037,0.092
5164.8,83.200,0.27696,6376.275,0.092
5165.4,83.300,0.27729,6377.034,0.092
5165.5,83.400,0.27763,6377.179,0.093
5165.1,83.500,0.27796,6376.594,0.093
5162.9,83.600,0.27829,6373.940,0.093
5158.9,83.700,0.27862,6368.966,0.093
5155.0,83.800,0.27895,6364.233,0.093
5153.1,83.900,0.27929,6361.822,0.093
5151.3,84.000,0.27963,6359.618,0.093
5150.4,84.100,0.27996,6358.443,0.093
5149.6,84.200,0.28029,6357.484,0.093
5148.9,84.300,0.28062,6356.660,0.094
5149.3,84.400,0.28096,6357.101,0.094
5149.7,84.500,0.28129,6357.687,0.094
5151.6,84.600,0.28163,6359.944,0.094
5152.3,84.700,0.28196,6360.884,0.094
5152.0,84.800,0.28229,6360.481,0.094
5151.0,84.900,0.28262,6359.185,0.094
5149.4,85.000,0.28296,6357.324,0.094
5147.0,85.100,0.28329,6354.307,0.094
5145.1,85.200,0.28363,6351.930,0.095
5142.6,85.300,0.28396,6348.818,0.095
5140.2,85.400,0.28429,6345.942,0.095
5138.5,85.500,0.28463,6343.777,0.095
5137.7,85.600,0.28496,6342.773,0.095
5136.9,85.700,0.28530,6341.801,0.095
5136.9,85.800,0.28563,6341.800,0.095
5135.8,85.900,0.28596,6340.443,0.095
5134.7,86.000,0.28629,6339.092,0.095
5133.8,86.100,0.28663,6338.002,0.096
5133.3,86.200,0.28696,6337.374,0.096
5132.4,86.300,0.28730,6336.289,0.096
5131.4,86.400,0.28763,6335.075,0.096
5129.9,86.500,0.28796,6333.217,0.096
5128.6,86.600,0.28829,6331.616,0.096
5127.2,86.700,0.28863,6329.813,0.096
5126.6,86.800,0.28896,6329.110,0.096
5126.3,86.900,0.28930,6328.803,0.096
5125.7,87.000,0.28963,6327.989,0.097
5125.0,87.100,0.28996,6327.089,0.097
5123.0,87.200,0.29029,6324.714,0.097
5121.4,87.300,0.29063,6322.728,0.097
5119.5,87.400,0.29096,6320.374,0.097
5117.5,87.500,0.29130,6317.834,0.097
5114.0,87.600,0.29163,6313.563,0.097
5109.8,87.700,0.29196,6308.379,0.097
5105.4,87.800,0.29229,6302.994,0.097
5101.2,87.900,0.29263,6297.808,0.098
5096.8,88.000,0.29296,6292.343,0.098
5092.7,88.100,0.29330,6287.231,0.098
5087.6,88.200,0.29363,6280.992,0.098
5083.4,88.300,0.29396,6275.772,0.098
5080.2,88.400,0.29429,6271.836,0.098
5077.6,88.500,0.29463,6268.622,0.098
5074.9,88.600,0.29496,6265.246,0.098
5071.5,88.700,0.29530,6261.054,0.098
5069.6,88.800,0.29563,6258.718,0.099
5068.6,88.900,0.29596,6257.503,0.099
5067.5,89.000,0.29629,6256.152,0.099
5066.3,89.100,0.29663,6254.653,0.099
5065.1,89.200,0.29696,6253.161,0.099
5063.0,89.300,0.29729,6250.545,0.099
5060.8,89.400,0.29763,6247.935,0.099
5058.4,89.500,0.29796,6244.858,0.099
5056.5,89.600,0.29829,6242.632,0.099
5054.5,89.700,0.29863,6240.064,0.100
5052.6,89.800,0.29896,6237.761,0.100
5050.1,89.900,0.29930,6234.673,0.100
5047.1,90.000,0.29963,6231.011,0.100
5044.1,90.100,0.29996,6227.300,0.100
5043.9,90.120,0.30003,6227.053,0.100