12.9,0.200,0.00050,15.902,0.001
18.9,0.300,0.00083,23.334,0.001
26.0,0.400,0.00117,32.101,0.001
34.2,0.500,0.00150,42.212,0.002
43.8,0.600,0.00183,54.130,0.002
54.8,0.700,0.00217,67.604,0.002
66.9,0.800,0.00250,82.577,0.003
80.0,0.900,0.00283,98.715,0.003
93.9,1.000,0.00317,115.868,0.003
108.4,1.100,0.00350,133.767,0.004
123.2,1.200,0.00383,152.116,0.004
138.3,1.300,0.00416,170.707,0.005
153.8,1.400,0.00450,189.836,0.005
169.4,1.500,0.00483,209.101,0.005
185.1,1.600,0.00516,228.526,0.006
200.6,1.700,0.00549,247.628,0.006
216.3,1.800,0.00582,267.043,0.006
231.8,1.900,0.00616,286.124,0.007
247.3,2.000,0.00649,305.326,0.007
262.6,2.100,0.00682,324.227,0.007
277.9,2.200,0.00715,343.028,0.008
293.0,2.300,0.00749,361.727,0.008
307.9,2.400,0.00782,380.104,0.009
322.9,2.500,0.00816,398.672,0.009
337.1,2.600,0.00849,416.122,0.009
351.2,2.700,0.00882,433.594,0.010
365.1,2.800,0.00915,450.695,0.010
378.8,2.900,0.00949,467.611,0.010
392.2,3.000,0.00982,484.195,0.011
405.3,3.100,0.01015,500.359,0.011
418.3,3.200,0.01048,516.441,0.012
431.1,3.300,0.01082,532.230,0.012
444.0,3.400,0.01115,548.100,0.012
456.7,3.500,0.01148,563.791,0.013
469.0,3.600,0.01182,578.989,0.013
481.3,3.700,0.01215,594.224,0.013
493.4,3.800,0.01248,609.112,0.014
505.6,3.900,0.01281,624.172,0.014
517.1,4.000,0.01315,638.376,0.014
528.6,4.100,0.01348,652.606,0.015
539.9,4.200,0.01381,666.494,0.015
551.0,4.300,0.01414,680.206,0.016
561.9,4.400,0.01448,693.709,0.016
572.6,4.500,0.01481,706.944,0.016
583.4,4.600,0.01514,720.278,0.017
593.9,4.700,0.01548,733.214,0.017
603.7,4.800,0.01581,745.283,0.017
613.8,4.900,0.01614,757.802,0.018
623.3,5.000,0.01647,769.550,0.018
632.9,5.100,0.01681,781.399,0.018
642.1,5.200,0.01714,792.761,0.019
651.3,5.300,0.01747,804.022,0.019
660.5,5.400,0.01781,815.369,0.020
668.9,5.500,0.01814,825.835,0.020
677.8,5.600,0.01847,836.787,0.020
686.1,5.700,0.01881,847.008,0.021
694.4,5.800,0.01914,857.237,0.021
702.2,5.900,0.01947,866.922,0.021
709.8,6.000,0.01980,876.254,0.022
717.1,6.100,0.02014,885.321,0.022
724.3,6.200,0.02047,894.152,0.022
731.5,6.300,0.02080,903.110,0.023
738.6,6.400,0.02113,911.796,0.023
745.5,6.500,0.02147,920.327,0.024
752.0,6.600,0.02180,928.397,0.024
758.3,6.700,0.02213,936.231,0.024
764.6,6.800,0.02247,943.906,0.025
769.9,6.900,0.02280,950.434,0.025
774.4,7.000,0.02313,956.103,0.025
777.7,7.100,0.02346,960.076,0.026
778.7,7.200,0.02380,961.392,0.026
778.0,7.300,0.02413,960.550,0.027
777.5,7.400,0.02446,959.814,0.027
778.5,7.500,0.02480,961.128,0.027
780.5,7.600,0.02513,963.605,0.028
783.2,7.700,0.02546,966.937,0.028
785.9,7.800,0.02580,970.295,0.028
788.4,7.900,0.02613,973.289,0.029
791.3,8.000,0.02646,976.911,0.029
794.0,8.100,0.02680,980.199,0.029
796.9,8.200,0.02713,983.783,0.030
799.5,8.300,0.02746,987.092,0.030
801.9,8.400,0.02780,989.977,0.031
804.2,8.500,0.02813,992.874,0.031
806.3,8.600,0.02846,995.386,0.031
807.9,8.700,0.02879,997.423,0.032
809.7,8.800,0.02913,999.679,0.032
812.0,8.900,0.02946,1002.465,0.032
814.4,9.000,0.02979,1005.373,0.033
816.7,9.100,0.03013,1008.237,0.033
818.8,9.200,0.03046,1010.867,0.033
820.7,9.300,0.03079,1013.260,0.034
822.8,9.400,0.03113,1015.754,0.034
824.5,9.500,0.03146,1017.880,0.035
819.4,9.600,0.03179,1011.604,0.035
817.5,9.700,0.03212,1009.294,0.035
821.1,9.800,0.03246,1013.747,0.036
824.0,9.900,0.03279,1017.270,0.036
824.0,10.000,0.03313,1017.338,0.036
821.6,10.100,0.03346,1014.306,0.037
813.4,10.200,0.03380,1004.214,0.037
811.2,10.300,0.03413,1001.517,0.038
809.2,10.400,0.03446,998.981,0.038
803.6,10.500,0.03480,992.146,0.038
797.4,10.600,0.03513,984.420,0.039
793.3,10.700,0.03546,979.386,0.039
792.4,10.800,0.03580,978.294,0.039
792.4,10.900,0.03613,978.293,0.040
792.3,11.000,0.03646,978.100,0.040
792.0,11.100,0.03680,977.721,0.040
789.0,11.200,0.03713,974.064,0.041
787.8,11.300,0.03746,972.621,0.041
787.7,11.400,0.03780,972.481,0.042
788.1,11.500,0.03813,972.903,0.042
788.4,11.600,0.03846,973.356,0.042
788.9,11.700,0.03880,973.933,0.043
789.3,11.800,0.03913,974.469,0.043
789.1,11.900,0.03946,974.158,0.043
786.7,12.000,0.03980,971.212,0.044
784.0,12.100,0.04013,967.854,0.044
785.4,12.200,0.04046,969.585,0.044
786.4,12.300,0.04080,970.867,0.045
786.8,12.400,0.04113,971.340,0.045
786.8,12.500,0.04147,971.311,0.046
786.5,12.600,0.04180,970.944,0.046
785.9,12.700,0.04213,970.219,0.046
785.5,12.800,0.04247,969.782,0.047
785.6,12.900,0.04280,969.828,0.047
783.3,13.000,0.04313,967.044,0.047
781.8,13.100,0.04347,965.128,0.048
783.4,13.200,0.04380,967.140,0.048
784.9,13.300,0.04413,968.953,0.048
785.5,13.400,0.04446,969.726,0.049
786.5,13.500,0.04480,970.990,0.049
787.5,13.600,0.04513,972.229,0.050
788.6,13.700,0.04546,973.547,0.050
789.1,13.800,0.04580,974.164,0.050
789.7,13.900,0.04613,974.935,0.051
790.4,14.000,0.04646,975.831,0.051
788.7,14.100,0.04680,973.658,0.051
786.4,14.200,0.04713,970.823,0.052
788.3,14.300,0.04746,973.227,0.052
790.1,14.400,0.04779,975.403,0.053
791.5,14.500,0.04813,977.135,0.053
792.4,14.600,0.04846,978.280,0.053
793.2,14.700,0.04879,979.211,0.054
793.5,14.800,0.04913,979.603,0.054
793.9,14.900,0.04946,980.138,0.054
788.7,15.000,0.04979,973.641,0.055
790.3,15.100,0.05013,975.660,0.055
791.9,15.200,0.05046,977.624,0.055
793.0,15.300,0.05080,979.005,0.056
794.4,15.400,0.05113,980.764,0.056
795.3,15.500,0.05146,981.790,0.057
796.4,15.600,0.05180,983.245,0.057
797.5,15.700,0.05213,984.517,0.057
795.8,15.800,0.05247,982.472,0.058
793.6,15.900,0.05280,979.764,0.058
795.4,16.000,0.05313,981.964,0.058
797.0,16.100,0.05346,983.952,0.059
798.2,16.200,0.05380,985.487,0.059
799.3,16.300,0.05413,986.757,0.059
799.9,16.400,0.05446,987.493,0.060
800.3,16.500,0.05479,988.063,0.060
800.4,16.600,0.05513,988.165,0.061
797.0,16.700,0.05546,983.958,0.061
798.7,16.800,0.05580,986.068,0.061
800.2,16.900,0.05613,987.887,0.062
801.7,17.000,0.05647,989.694,0.062
802.6,17.100,0.05680,990.870,0.062
803.5,17.200,0.05713,992.030,0.063
804.5,17.300,0.05746,993.174,0.063
805.2,17.400,0.05780,994.025,0.064
805.8,17.500,0.05813,994.783,0.064
803.2,17.600,0.05847,991.605,0.064
802.2,17.700,0.05880,990.426,0.065
804.1,17.800,0.05913,992.747,0.065
805.5,17.900,0.05947,994.456,0.065
806.9,18.000,0.05980,996.159,0.066
807.8,18.100,0.06013,997.282,0.066
808.6,18.200,0.06047,998.314,0.066
809.2,18.300,0.06080,999.029,0.067
809.4,18.400,0.06113,999.236,0.067
809.9,18.500,0.06147,999.858,0.068
810.2,18.600,0.06180,1000.223,0.068
810.4,18.700,0.06213,1000.499,0.068
806.1,18.800,0.06247,995.238,0.069
807.6,18.900,0.06280,997.048,0.069
809.1,19.000,0.06313,998.840,0.069
810.3,19.100,0.06347,1000.362,0.070
811.1,19.200,0.06380,1001.301,0.070
811.6,19.300,0.06413,1002.031,0.070
812.2,19.400,0.06446,1002.761,0.071
812.7,19.500,0.06480,1003.300,0.071
813.1,19.600,0.06513,1003.837,0.072
813.4,19.700,0.06547,1004.222,0.072
809.3,19.800,0.06580,999.183,0.072
810.5,19.900,0.06613,1000.675,0.073
811.9,20.000,0.06647,1002.390,0.073
813.3,20.100,0.06680,1004.074,0.073
814.4,20.200,0.06713,1005.438,0.074
815.0,20.300,0.06747,1006.213,0.074
815.6,20.400,0.06780,1006.921,0.075
816.3,20.500,0.06813,1007.713,0.075
817.0,20.600,0.06847,1008.624,0.075
817.8,20.700,0.06880,1009.642,0.076
818.5,20.800,0.06913,1010.519,0.076
819.2,20.900,0.06947,1011.371,0.076
816.2,21.000,0.06980,1007.653,0.077
816.8,21.100,0.07013,1008.376,0.077
818.7,21.200,0.07046,1010.782,0.077
820.4,21.300,0.07080,1012.790,0.078
821.7,21.400,0.07113,1014.500,0.078
822.8,21.500,0.07146,1015.798,0.079
823.7,21.600,0.07180,1016.908,0.079
824.5,21.700,0.07213,1017.910,0.079
825.1,21.800,0.07246,1018.691,0.080
825.7,21.900,0.07280,1019.328,0.080
826.0,22.000,0.07313,1019.756,0.080
826.4,22.100,0.07347,1020.285,0.081
826.8,22.200,0.07380,1020.699,0.081
826.6,22.300,0.07413,1020.454,0.081
823.4,22.400,0.07447,1016.492,0.082
825.0,22.500,0.07480,1018.480,0.082
826.3,22.600,0.07514,1020.164,0.083
827.6,22.700,0.07547,1021.709,0.083
828.5,22.800,0.07580,1022.831,0.083
829.0,22.900,0.07613,1023.510,0.084
829.9,23.000,0.07647,1024.603,0.084
830.5,23.100,0.07680,1025.338,0.084
831.1,23.200,0.07714,1026.047,0.085
831.7,23.300,0.07747,1026.736,0.085
831.9,23.400,0.07780,1027.087,0.085
832.5,23.500,0.07813,1027.745,0.086
832.7,23.600,0.07846,1027.989,0.086
831.0,23.700,0.07880,1025.959,0.087
829.5,23.800,0.07913,1024.073,0.087
830.9,23.900,0.07946,1025.796,0.087
832.1,24.000,0.07980,1027.241,0.088
833.0,24.100,0.08013,1028.396,0.088
834.1,24.200,0.08047,1029.700,0.088
834.8,24.300,0.08080,1030.630,0.089
835.2,24.400,0.08113,1031.126,0.089
835.8,24.500,0.08147,1031.863,0.090
836.4,24.600,0.08180,1032.614,0.090
836.8,24.700,0.08213,1033.126,0.090
837.3,24.800,0.08247,1033.687,0.091
837.4,24.900,0.08280,1033.879,0.091
837.8,25.000,0.08313,1034.378,0.091
838.1,25.100,0.08347,1034.735,0.092
838.3,25.200,0.08380,1034.971,0.092
838.8,25.300,0.08413,1035.495,0.092
839.3,25.400,0.08447,1036.113,0.093
839.5,25.500,0.08480,1036.378,0.093
835.3,25.600,0.08513,1031.244,0.094
836.7,25.700,0.08546,1032.902,0.094
838.1,25.800,0.08580,1034.687,0.094
839.3,25.900,0.08613,1036.202,0.095
840.2,26.000,0.08647,1037.281,0.095
841.1,26.100,0.08680,1038.357,0.095
841.7,26.200,0.08713,1039.144,0.096
842.2,26.300,0.08746,1039.795,0.096
843.0,26.400,0.08780,1040.706,0.096
843.4,26.500,0.08813,1041.181,0.097
843.8,26.600,0.08847,1041.714,0.097
844.2,26.700,0.08880,1042.275,0.098
844.6,26.800,0.08913,1042.685,0.098
844.9,26.900,0.08946,1043.078,0.098
845.1,27.000,0.08980,1043.389,0.099
845.5,27.100,0.09013,1043.852,0.099
845.9,27.200,0.09047,1044.302,0.099
846.3,27.300,0.09080,1044.823,0.100
846.8,27.400,0.09113,1045.405,0.100
847.1,27.500,0.09146,1045.739,0.101
847.3,27.600,0.09180,1046.067,0.101
846.9,27.700,0.09213,1045.580,0.101
843.1,27.800,0.09246,1040.863,0.102
844.7,27.900,0.09280,1042.838,0.102
846.2,28.000,0.09313,1044.735,0.102
847.2,28.100,0.09346,1045.933,0.103
848.1,28.200,0.09380,1047.078,0.103
848.8,28.300,0.09413,1047.898,0.103
849.1,28.400,0.09446,1048.306,0.104
849.6,28.500,0.09480,1048.922,0.104
849.9,28.600,0.09513,1049.200,0.105
850.3,28.700,0.09546,1049.724,0.105
850.5,28.800,0.09580,1050.026,0.105
850.9,28.900,0.09613,1050.455,0.106
851.1,29.000,0.09646,1050.736,0.106
851.2,29.100,0.09680,1050.863,0.106
851.4,29.200,0.09713,1051.103,0.107
851.3,29.300,0.09746,1051.026,0.107
851.5,29.400,0.09780,1051.271,0.107
851.8,29.500,0.09813,1051.601,0.108
852.0,29.600,0.09846,1051.801,0.108
852.1,29.700,0.09880,1051.998,0.109
852.4,29.800,0.09913,1052.307,0.109
852.4,29.900,0.09947,1052.303,0.109
852.2,30.000,0.09980,1052.103,0.110
847.7,30.100,0.10013,1046.491,0.110
848.7,30.200,0.10047,1047.723,0.110
849.8,30.300,0.10080,1049.136,0.111
850.4,30.400,0.10113,1049.931,0.111
850.9,30.500,0.10146,1050.529,0.111
851.0,30.600,0.10180,1050.589,0.112
851.0,30.700,0.10213,1050.669,0.112
851.1,30.800,0.10246,1050.689,0.113
851.0,30.900,0.10279,1050.649,0.113
850.9,31.000,0.10313,1050.521,0.113
850.9,31.100,0.10346,1050.435,0.114
850.9,31.200,0.10379,1050.434,0.114
850.6,31.300,0.10413,1050.154,0.114
850.6,31.400,0.10446,1050.136,0.115
850.5,31.500,0.10479,1049.976,0.115
850.6,31.600,0.10513,1050.136,0.116
850.8,31.700,0.10546,1050.350,0.116
851.0,31.800,0.10580,1050.577,0.116
851.0,31.900,0.10613,1050.561,0.117
851.1,32.000,0.10646,1050.689,0.117
851.2,32.100,0.10680,1050.914,0.117
851.9,32.200,0.10713,1051.675,0.118
852.6,32.300,0.10746,1052.562,0.118
853.3,32.400,0.10780,1053.471,0.118
853.9,32.500,0.10813,1054.145,0.119
854.5,32.600,0.10846,1054.989,0.119
855.0,32.700,0.10880,1055.576,0.120
849.4,32.800,0.10913,1048.618,0.120
851.3,32.900,0.10946,1050.989,0.120
853.0,33.000,0.10980,1053.123,0.121
854.4,33.100,0.11013,1054.783,0.121
855.6,33.200,0.11046,1056.306,0.121
856.7,33.300,0.11079,1057.702,0.122
857.6,33.400,0.11113,1058.784,0.122
858.3,33.500,0.11146,1059.605,0.122
858.9,33.600,0.11179,1060.306,0.123
859.2,33.700,0.11213,1060.705,0.123
859.8,33.800,0.11246,1061.451,0.124
860.2,33.900,0.11279,1061.935,0.124
860.7,34.000,0.11313,1062.533,0.124
861.3,34.100,0.11346,1063.376,0.125
861.8,34.200,0.11379,1063.955,0.125
862.4,34.300,0.11413,1064.653,0.125
862.9,34.400,0.11446,1065.318,0.126
863.6,34.500,0.11480,1066.163,0.126
864.0,34.600,0.11513,1066.636,0.127
864.5,34.700,0.11546,1067.282,0.127
865.1,34.800,0.11580,1068.034,0.127
865.6,34.900,0.11613,1068.698,0.128
861.2,35.000,0.11646,1063.156,0.128
863.1,35.100,0.11680,1065.500,0.128
864.9,35.200,0.11713,1067.795,0.129
866.6,35.300,0.11746,1069.898,0.129
867.7,35.400,0.11779,1071.210,0.129
868.7,35.500,0.11813,1072.452,0.130
869.6,35.600,0.11846,1073.535,0.130
870.3,35.700,0.11879,1074.399,0.131
870.9,35.800,0.11913,1075.121,0.131
871.4,35.900,0.11946,1075.799,0.131
872.0,36.000,0.11979,1076.537,0.132
872.5,36.100,0.12013,1077.146,0.132
873.2,36.200,0.12046,1078.070,0.132
873.7,36.300,0.12079,1078.671,0.133
874.4,36.400,0.12113,1079.501,0.133
874.9,36.500,0.12146,1080.162,0.133
875.6,36.600,0.12179,1081.039,0.134
876.3,36.700,0.12213,1081.800,0.134
876.7,36.800,0.12246,1082.363,0.135
877.3,36.900,0.12279,1083.056,0.135
877.6,37.000,0.12313,1083.443,0.135
873.0,37.100,0.12346,1077.730,0.136
873.5,37.200,0.12380,1078.346,0.136
874.9,37.300,0.12413,1080.175,0.136
876.4,37.400,0.12446,1081.994,0.137
877.5,37.500,0.12479,1083.270,0.137
878.4,37.600,0.12513,1084.465,0.138
879.2,37.700,0.12546,1085.412,0.138
879.7,37.800,0.12579,1086.107,0.138
880.3,37.900,0.12613,1086.822,0.139
880.7,38.000,0.12646,1087.333,0.139
881.0,38.100,0.12679,1087.692,0.139
881.5,38.200,0.12713,1088.244,0.140
881.7,38.300,0.12746,1088.558,0.140
882.1,38.400,0.12779,1088.982,0.140
882.5,38.500,0.12813,1089.442,0.141
882.7,38.600,0.12846,1089.732,0.141
883.1,38.700,0.12880,1090.245,0.142
883.3,38.800,0.12913,1090.465,0.142
883.6,38.900,0.12946,1090.830,0.142
883.9,39.000,0.12980,1091.205,0.143
884.1,39.100,0.13013,1091.442,0.143
884.2,39.200,0.13046,1091.585,0.143
879.3,39.300,0.13080,1085.598,0.144
880.9,39.400,0.13113,1087.481,0.144
882.2,39.500,0.13147,1089.188,0.144
883.5,39.600,0.13180,1090.745,0.145
884.4,39.700,0.13213,1091.855,0.145
885.2,39.800,0.13246,1092.794,0.146
885.9,39.900,0.13280,1093.640,0.146
886.4,40.000,0.13313,1094.345,0.146
886.9,40.100,0.13346,1094.903,0.147
887.2,40.200,0.13380,1095.254,0.147
887.6,40.300,0.13413,1095.808,0.147
887.8,40.400,0.13446,1096.080,0.148
888.0,40.500,0.13480,1096.269,0.148
888.3,40.600,0.13513,1096.654,0.148
888.5,40.700,0.13546,1096.951,0.149
889.1,40.800,0.13580,1097.634,0.149
889.4,40.900,0.13613,1097.982,0.150
889.9,41.000,0.13646,1098.689,0.150
890.4,41.100,0.13679,1099.205,0.150
890.7,41.200,0.13713,1099.674,0.151
891.0,41.300,0.13746,1100.024,0.151
891.4,41.400,0.13780,1100.501,0.151
891.4,41.500,0.13813,1100.497,0.152
886.8,41.600,0.13846,1094.863,0.152
888.1,41.700,0.13880,1096.461,0.153
889.6,41.800,0.13913,1098.267,0.153
890.7,41.900,0.13947,1099.611,0.153
891.5,42.000,0.13980,1100.563,0.154
892.0,42.100,0.14013,1101.226,0.154
892.2,42.200,0.14046,1101.534,0.154
892.4,42.300,0.14080,1101.723,0.155
892.2,42.400,0.14113,1101.517,0.155
892.1,42.500,0.14146,1101.353,0.155
892.4,42.600,0.14180,1101.741,0.156
892.6,42.700,0.14213,1101.938,0.156
892.9,42.800,0.14246,1102.304,0.157
893.1,42.900,0.14280,1102.547,0.157
893.0,43.000,0.14313,1102.514,0.157
893.2,43.100,0.14346,1102.689,0.158
893.3,43.200,0.14380,1102.855,0.158
893.1,43.300,0.14413,1102.553,0.158
892.1,43.400,0.14446,1101.409,0.159
890.8,43.500,0.14480,1099.747,0.159
885.8,43.600,0.14513,1093.567,0.159
886.5,43.700,0.14546,1094.464,0.160
887.3,43.800,0.14580,1095.385,0.160
887.5,43.900,0.14613,1095.644,0.161
886.4,44.000,0.14646,1094.349,0.161
883.2,44.100,0.14680,1090.359,0.161
882.1,44.200,0.14713,1089.017,0.162
881.9,44.300,0.14747,1088.760,0.162
882.4,44.400,0.14780,1089.345,0.162
883.3,44.500,0.14813,1090.548,0.163
884.2,44.600,0.14847,1091.654,0.163
885.4,44.700,0.14880,1093.076,0.164
886.1,44.800,0.14913,1093.988,0.164
887.2,44.900,0.14947,1095.363,0.164
888.5,45.000,0.14980,1096.967,0.165
889.1,45.100,0.15013,1097.687,0.165
885.8,45.200,0.15047,1093.584,0.165
887.3,45.300,0.15080,1095.486,0.166
888.6,45.400,0.15113,1097.061,0.166
889.7,45.500,0.15147,1098.423,0.166
890.6,45.600,0.15180,1099.462,0.167
891.3,45.700,0.15213,1100.354,0.167
891.9,45.800,0.15247,1101.083,0.168
892.2,45.900,0.15280,1101.468,0.168
892.6,46.000,0.15313,1101.980,0.168
893.0,46.100,0.15346,1102.489,0.169
893.5,46.200,0.15380,1103.092,0.169
893.8,46.300,0.15413,1103.500,0.169
894.4,46.400,0.15447,1104.213,0.170
894.9,46.500,0.15480,1104.840,0.170
895.5,46.600,0.15513,1105.575,0.170
896.1,46.700,0.15547,1106.351,0.171
896.9,46.800,0.15580,1107.313,0.171
897.4,46.900,0.15613,1107.913,0.172
897.9,47.000,0.15647,1108.547,0.172
897.2,47.100,0.15680,1107.598,0.172
894.4,47.200,0.15713,1104.154,0.173
896.0,47.300,0.15747,1106.170,0.173
897.5,47.400,0.15780,1107.997,0.173
898.5,47.500,0.15814,1109.204,0.174
899.6,47.600,0.15847,1110.606,0.174
900.5,47.700,0.15880,1111.723,0.175
901.3,47.800,0.15913,1112.721,0.175
902.2,47.900,0.15947,1113.801,0.175
902.7,48.000,0.15980,1114.456,0.176
903.6,48.100,0.16013,1115.569,0.176
904.4,48.200,0.16046,1116.572,0.176
905.3,48.300,0.16080,1117.680,0.177
906.2,48.400,0.16113,1118.713,0.177
906.9,48.500,0.16146,1119.610,0.177
907.6,48.600,0.16179,1120.492,0.178
908.3,48.700,0.16213,1121.389,0.178
909.1,48.800,0.16246,1122.354,0.179
909.9,48.900,0.16280,1123.329,0.179
905.6,49.000,0.16313,1117.994,0.179
907.3,49.100,0.16346,1120.098,0.180
909.0,49.200,0.16380,1122.215,0.180
910.4,49.300,0.16413,1124.000,0.180
911.9,49.400,0.16446,1125.746,0.181
913.1,49.500,0.16480,1127.286,0.181
914.1,49.600,0.16513,1128.457,0.181
914.9,49.700,0.16547,1129.545,0.182
915.7,49.800,0.16580,1130.467,0.182
916.4,49.900,0.16613,1131.317,0.183
917.2,50.000,0.16647,1132.314,0.183
917.8,50.100,0.16680,1133.110,0.183
918.4,50.200,0.16713,1133.880,0.184
919.0,50.300,0.16747,1134.507,0.184
919.4,50.400,0.16780,1135.069,0.184
920.1,50.500,0.16813,1135.868,0.185
920.6,50.600,0.16846,1136.486,0.185
921.0,50.700,0.16880,1137.077,0.185
921.7,50.800,0.16913,1137.837,0.186
922.3,50.900,0.16946,1138.696,0.186
922.9,51.000,0.16980,1139.439,0.187
923.5,51.100,0.17013,1140.106,0.187
918.7,51.200,0.17046,1134.190,0.187
920.3,51.300,0.17080,1136.205,0.188
921.9,51.400,0.17113,1138.204,0.188
923.2,51.500,0.17147,1139.707,0.188
924.1,51.600,0.17180,1140.860,0.189
924.9,51.700,0.17213,1141.883,0.189
925.6,51.800,0.17247,1142.737,0.190
926.4,51.900,0.17280,1143.642,0.190
927.0,52.000,0.17313,1144.397,0.190
927.5,52.100,0.17347,1145.047,0.191
928.0,52.200,0.17380,1145.656,0.191
928.7,52.300,0.17413,1146.541,0.191
929.3,52.400,0.17446,1147.303,0.192
929.8,52.500,0.17480,1147.923,0.192
930.4,52.600,0.17513,1148.677,0.192
930.9,52.700,0.17546,1149.221,0.193
931.3,52.800,0.17580,1149.709,0.193
931.9,52.900,0.17613,1150.474,0.194
932.5,53.000,0.17646,1151.264,0.194
933.1,53.100,0.17680,1151.916,0.194
933.6,53.200,0.17713,1152.631,0.195
934.4,53.300,0.17746,1153.575,0.195
935.0,53.400,0.17780,1154.361,0.195
935.8,53.500,0.17813,1155.275,0.196
936.4,53.600,0.17846,1156.009,0.196
937.2,53.700,0.17880,1156.995,0.196
937.8,53.800,0.17913,1157.742,0.197
938.4,53.900,0.17946,1158.514,0.197
939.0,54.000,0.17980,1159.202,0.198
939.6,54.100,0.18013,1159.938,0.198
940.2,54.200,0.18046,1160.706,0.198
940.9,54.300,0.18080,1161.595,0.199
941.7,54.400,0.18113,1162.590,0.199
942.6,54.500,0.18146,1163.640,0.199
943.2,54.600,0.18179,1164.478,0.200
944.2,54.700,0.18213,1165.617,0.200
944.8,54.800,0.18246,1166.411,0.201
945.4,54.900,0.18280,1167.200,0.201
946.2,55.000,0.18313,1168.113,0.201
946.8,55.100,0.18346,1168.941,0.202
947.6,55.200,0.18379,1169.880,0.202
948.3,55.300,0.18413,1170.768,0.202
948.9,55.400,0.18446,1171.508,0.203
944.0,55.500,0.18479,1165.487,0.203
945.6,55.600,0.18512,1167.349,0.203
947.3,55.700,0.18546,1169.563,0.204
948.8,55.800,0.18579,1171.358,0.204
949.8,55.900,0.18613,1172.600,0.205
950.9,56.000,0.18646,1173.979,0.205
951.5,56.100,0.18679,1174.747,0.205
952.3,56.200,0.18713,1175.674,0.206
952.8,56.300,0.18746,1176.316,0.206
953.5,56.400,0.18779,1177.180,0.206
954.3,56.500,0.18813,1178.087,0.207
954.7,56.600,0.18846,1178.651,0.207
955.5,56.700,0.18880,1179.579,0.207
956.0,56.800,0.18913,1180.239,0.208
956.7,56.900,0.18946,1181.096,0.208
957.3,57.000,0.18979,1181.858,0.209
958.0,57.100,0.19013,1182.703,0.209
958.8,57.200,0.19046,1183.655,0.209
959.5,57.300,0.19079,1184.598,0.210
960.2,57.400,0.19112,1185.482,0.210
961.1,57.500,0.19146,1186.549,0.210
961.9,57.600,0.19179,1187.531,0.211
962.5,57.700,0.19212,1188.224,0.211
962.9,57.800,0.19246,1188.737,0.211
963.5,57.900,0.19279,1189.533,0.212
964.2,58.000,0.19312,1190.371,0.212
964.6,58.100,0.19346,1190.892,0.213
965.0,58.200,0.19379,1191.373,0.213
965.6,58.300,0.19412,1192.116,0.213
966.1,58.400,0.19445,1192.719,0.214
966.5,58.500,0.19479,1193.209,0.214
967.2,58.600,0.19512,1194.067,0.214
967.8,58.700,0.19546,1194.859,0.215
968.5,58.800,0.19579,1195.625,0.215
969.2,58.900,0.19613,1196.572,0.216
969.9,59.000,0.19646,1197.460,0.216
970.5,59.100,0.19679,1198.188,0.216
967.8,59.200,0.19713,1194.795,0.217
966.4,59.300,0.19746,1193.134,0.217
968.2,59.400,0.19779,1195.272,0.217
969.7,59.500,0.19813,1197.103,0.218
970.9,59.600,0.19846,1198.654,0.218
971.9,59.700,0.19879,1199.873,0.218
972.7,59.800,0.19913,1200.851,0.219
973.4,59.900,0.19946,1201.750,0.219
974.0,60.000,0.19979,1202.493,0.220
974.5,60.100,0.20013,1203.144,0.220
975.0,60.200,0.20046,1203.731,0.220
975.5,60.300,0.20079,1204.288,0.221
976.1,60.400,0.20113,1205.037,0.221
976.6,60.500,0.20146,1205.614,0.221
977.1,60.600,0.20179,1206.260,0.222
977.6,60.700,0.20213,1206.944,0.222
978.1,60.800,0.20246,1207.519,0.222
978.6,60.900,0.20279,1208.120,0.223
979.2,61.000,0.20313,1208.936,0.223
979.7,61.100,0.20346,1209.510,0.224
980.4,61.200,0.20380,1210.341,0.224
980.8,61.300,0.20413,1210.831,0.224
980.9,61.400,0.20446,1210.982,0.225
981.2,61.500,0.20479,1211.343,0.225
981.3,61.600,0.20513,1211.471,0.225
981.6,61.700,0.20546,1211.885,0.226
981.8,61.800,0.20579,1212.072,0.226
982.0,61.900,0.20613,1212.362,0.227
982.6,62.000,0.20646,1213.031,0.227
982.9,62.100,0.20679,1213.445,0.227
983.2,62.200,0.20713,1213.764,0.228
983.5,62.300,0.20746,1214.169,0.228
983.3,62.400,0.20779,1213.958,0.228
982.9,62.500,0.20812,1213.504,0.229
981.7,62.600,0.20846,1211.974,0.229
981.6,62.700,0.20879,1211.821,0.229
982.0,62.800,0.20912,1212.346,0.230
982.7,62.900,0.20946,1213.167,0.230
983.4,63.000,0.20979,1214.044,0.231
984.2,63.100,0.21012,1215.058,0.231
984.6,63.200,0.21046,1215.551,0.231
985.3,63.300,0.21079,1216.466,0.232
985.9,63.400,0.21113,1217.135,0.232
986.5,63.500,0.21146,1217.880,0.232
987.3,63.600,0.21179,1218.898,0.233
988.1,63.700,0.21212,1219.899,0.233
989.0,63.800,0.21246,1220.937,0.233
990.0,63.900,0.21280,1222.162,0.234
990.8,64.000,0.21313,1223.201,0.234
991.9,64.100,0.21346,1224.579,0.235
992.6,64.200,0.21379,1225.393,0.235
993.6,64.300,0.21413,1226.720,0.235
994.6,64.400,0.21446,1227.906,0.236
995.2,64.500,0.21479,1228.669,0.236
996.2,64.600,0.21513,1229.833,0.236
996.8,64.700,0.21546,1230.565,0.237
997.2,64.800,0.21579,1231.077,0.237
997.7,64.900,0.21613,1231.704,0.238
998.4,65.000,0.21646,1232.585,0.238
999.1,65.100,0.21679,1233.411,0.238
999.8,65.200,0.21713,1234.283,0.239
1000.4,65.300,0.21746,1235.046,0.239
1001.0,65.400,0.21779,1235.795,0.239
1001.5,65.500,0.21813,1236.420,0.240
1002.1,65.600,0.21846,1237.158,0.240
1002.5,65.700,0.21879,1237.696,0.240
995.4,65.800,0.21913,1228.937,0.241
997.2,65.900,0.21946,1231.135,0.241
999.0,66.000,0.21979,1233.357,0.242
1000.7,66.100,0.22013,1235.419,0.242
1002.0,66.200,0.22046,1237.019,0.242
1003.1,66.300,0.22080,1238.334,0.243
1003.9,66.400,0.22113,1239.432,0.243
1004.8,66.500,0.22146,1240.459,0.243
1005.3,66.600,0.22179,1241.141,0.244
1006.0,66.700,0.22213,1241.983,0.244
1006.3,66.800,0.22246,1242.371,0.244
1006.8,66.900,0.22279,1242.966,0.245
1007.6,67.000,0.22312,1243.912,0.245
1008.0,67.100,0.22345,1244.440,0.246
1008.6,67.200,0.22379,1245.166,0.246
1009.3,67.300,0.22412,1246.018,0.246
1009.6,67.400,0.22446,1246.385,0.247
1010.2,67.500,0.22479,1247.189,0.247
1010.7,67.600,0.22512,1247.834,0.247
1011.5,67.700,0.22546,1248.725,0.248
1012.1,67.800,0.22579,1249.448,0.248
1012.6,67.900,0.22613,1250.139,0.248
1013.1,68.000,0.22646,1250.739,0.249
1013.3,68.100,0.22679,1250.975,0.249
1013.4,68.200,0.22713,1251.145,0.250
1013.5,68.300,0.22746,1251.284,0.250
1014.0,68.400,0.22780,1251.800,0.250
1014.2,68.500,0.22813,1252.086,0.251
1014.7,68.600,0.22847,1252.687,0.251
1015.5,68.700,0.22880,1253.655,0.251
1016.0,68.800,0.22913,1254.365,0.252
1016.6,68.900,0.22946,1254.996,0.252
1017.1,69.000,0.22980,1255.715,0.253
1017.6,69.100,0.23013,1256.324,0.253
1018.3,69.200,0.23046,1257.103,0.253
1018.9,69.300,0.23080,1257.937,0.254
1019.6,69.400,0.23113,1258.786,0.254
1020.2,69.500,0.23146,1259.455,0.254
1020.8,69.600,0.23180,1260.208,0.255
1021.4,69.700,0.23213,1261.029,0.255
1021.9,69.800,0.23246,1261.655,0.255
1022.6,69.900,0.23280,1262.481,0.256
1023.1,70.000,0.23313,1263.131,0.256
1023.8,70.100,0.23346,1263.911,0.257
1024.3,70.200,0.23380,1264.515,0.257
1024.9,70.300,0.23413,1265.305,0.257
1025.5,70.400,0.23446,1265.988,0.258
1025.8,70.500,0.23479,1266.477,0.258
1026.4,70.600,0.23513,1267.186,0.258
1019.8,70.700,0.23546,1259.000,0.259
1021.5,70.800,0.23580,1261.138,0.259
1023.5,70.900,0.23613,1263.543,0.259
1025.0,71.000,0.23646,1265.485,0.260
1026.2,71.100,0.23680,1266.872,0.260
1027.1,71.200,0.23713,1268.036,0.261
1027.7,71.300,0.23746,1268.801,0.261
1028.3,71.400,0.23780,1269.499,0.261
1028.8,71.500,0.23813,1270.079,0.262
1029.0,71.600,0.23846,1270.409,0.262
1029.2,71.700,0.23879,1270.591,0.262
1029.4,71.800,0.23913,1270.883,0.263
1029.6,71.900,0.23946,1271.155,0.263
1029.9,72.000,0.23979,1271.516,0.264
1030.5,72.100,0.24013,1272.182,0.264
1031.2,72.200,0.24046,1273.098,0.264
1031.9,72.300,0.24079,1273.920,0.265
1032.5,72.400,0.24113,1274.665,0.265
1033.2,72.500,0.24146,1275.543,0.265
1033.6,72.600,0.24179,1276.004,0.266
1034.2,72.700,0.24213,1276.763,0.266
1034.8,72.800,0.24246,1277.562,0.266
1035.3,72.900,0.24279,1278.198,0.267
1035.9,73.000,0.24313,1278.905,0.267
1036.9,73.100,0.24346,1280.163,0.268
1037.7,73.200,0.24379,1281.159,0.268
1038.9,73.300,0.24413,1282.605,0.268
1039.8,73.400,0.24446,1283.730,0.269
1040.8,73.500,0.24480,1284.935,0.269
1041.6,73.600,0.24513,1285.918,0.269
1042.4,73.700,0.24546,1286.962,0.270
1043.3,73.800,0.24580,1288.018,0.270
1044.1,73.900,0.24613,1289.046,0.270
1045.1,74.000,0.24646,1290.206,0.271
1045.9,74.100,0.24679,1291.222,0.271
1046.8,74.200,0.24713,1292.294,0.272
1047.6,74.300,0.24746,1293.269,0.272
1048.5,74.400,0.24779,1294.452,0.272
1049.5,74.500,0.24813,1295.622,0.273
1050.3,74.600,0.24846,1296.659,0.273
1051.0,74.700,0.24879,1297.512,0.273
1051.8,74.800,0.24913,1298.551,0.274
1052.7,74.900,0.24946,1299.581,0.274
1053.3,75.000,0.24979,1300.375,0.274
1054.0,75.100,0.25013,1301.216,0.275
1054.5,75.200,0.25046,1301.860,0.275
1055.2,75.300,0.25079,1302.685,0.276
1056.0,75.400,0.25113,1303.760,0.276
1057.0,75.500,0.25146,1304.950,0.276
1058.0,75.600,0.25180,1306.195,0.277
1058.8,75.700,0.25213,1307.194,0.277
1052.6,75.800,0.25246,1299.499,0.277
1054.9,75.900,0.25280,1302.332,0.278
1056.7,76.000,0.25313,1304.518,0.278
1058.5,76.100,0.25346,1306.763,0.279
1060.1,76.200,0.25379,1308.792,0.279
1061.3,76.300,0.25412,1310.187,0.279
1062.4,76.400,0.25446,1311.566,0.280
1063.1,76.500,0.25479,1312.461,0.280
1063.9,76.600,0.25512,1313.507,0.280
1064.6,76.700,0.25545,1314.290,0.281
1065.2,76.800,0.25579,1315.014,0.281
1065.8,76.900,0.25612,1315.783,0.281
1066.4,77.000,0.25645,1316.546,0.282
1067.0,77.100,0.25679,1317.291,0.282
1067.7,77.200,0.25712,1318.094,0.283
1068.4,77.300,0.25745,1318.982,0.283
1069.0,77.400,0.25779,1319.711,0.283
1069.8,77.500,0.25812,1320.754,0.284
1070.4,77.600,0.25845,1321.519,0.284
1071.2,77.700,0.25879,1322.520,0.284
1072.1,77.800,0.25912,1323.609,0.285
1073.0,77.900,0.25946,1324.662,0.285
1073.8,78.000,0.25979,1325.639,0.285
1074.5,78.100,0.26012,1326.496,0.286
1075.1,78.200,0.26046,1327.317,0.286
1076.0,78.300,0.26079,1328.369,0.287
1076.7,78.400,0.26112,1329.299,0.287
1077.8,78.500,0.26146,1330.617,0.287
1078.9,78.600,0.26179,1331.914,0.288
1079.7,78.700,0.26213,1332.917,0.288
1080.8,78.800,0.26246,1334.261,0.288
1081.5,78.900,0.26279,1335.199,0.289
1082.6,79.000,0.26313,1336.573,0.289
1083.3,79.100,0.26346,1337.385,0.290
1084.1,79.200,0.26379,1338.448,0.290
1084.7,79.300,0.26412,1339.142,0.290
1085.5,79.400,0.26446,1340.091,0.291
1086.0,79.500,0.26479,1340.680,0.291
1086.7,79.600,0.26512,1341.549,0.291
1087.2,79.700,0.26546,1342.202,0.292
1087.8,79.800,0.26579,1342.923,0.292
1081.6,79.900,0.26612,1335.350,0.292
1083.7,80.000,0.26646,1337.923,0.293
1085.6,80.100,0.26679,1340.204,0.293
1087.2,80.200,0.26712,1342.165,0.294
1088.4,80.300,0.26746,1343.666,0.294
1089.5,80.400,0.26779,1345.110,0.294
1090.2,80.500,0.26812,1345.928,0.295
1091.1,80.600,0.26846,1347.050,0.295
1091.8,80.700,0.26879,1347.893,0.295
1092.4,80.800,0.26913,1348.665,0.296
1093.1,80.900,0.26946,1349.501,0.296
1093.6,81.000,0.26979,1350.069,0.296
1094.2,81.100,0.27012,1350.863,0.297
1094.8,81.200,0.27046,1351.565,0.297
1095.4,81.300,0.27079,1352.289,0.298
1095.9,81.400,0.27113,1352.951,0.298
1096.2,81.500,0.27146,1353.389,0.298
1096.8,81.600,0.27179,1354.052,0.299
1097.5,81.700,0.27212,1354.904,0.299
1097.9,81.800,0.27245,1355.401,0.299
1098.3,81.900,0.27279,1355.969,0.300
1098.9,82.000,0.27312,1356.609,0.300
1099.5,82.100,0.27346,1357.357,0.301
1100.1,82.200,0.27379,1358.185,0.301
1100.9,82.300,0.27412,1359.193,0.301
1101.7,82.400,0.27445,1360.138,0.302
1102.4,82.500,0.27479,1361.012,0.302
1103.2,82.600,0.27512,1361.940,0.302
1103.8,82.700,0.27545,1362.734,0.303
1104.5,82.800,0.27579,1363.585,0.303
1105.4,82.900,0.27612,1364.677,0.303
1106.1,83.000,0.27646,1365.604,0.304
1106.9,83.100,0.27679,1366.531,0.304
1107.5,83.200,0.27712,1367.334,0.305
1108.3,83.300,0.27746,1368.271,0.305
1108.9,83.400,0.27779,1368.968,0.305
1109.4,83.500,0.27812,1369.612,0.306
1109.9,83.600,0.27846,1370.302,0.306
1110.6,83.700,0.27879,1371.077,0.306
1111.0,83.800,0.27912,1371.566,0.307
1111.3,83.900,0.27945,1371.965,0.307
1111.7,84.000,0.27979,1372.510,0.307
1112.2,84.100,0.28012,1373.061,0.308
1112.7,84.200,0.28046,1373.746,0.308
1113.3,84.300,0.28079,1374.470,0.309
1113.9,84.400,0.28112,1375.189,0.309
1114.7,84.500,0.28145,1376.116,0.309
1115.1,84.600,0.28179,1376.696,0.310
1115.5,84.700,0.28212,1377.197,0.310
1115.8,84.800,0.28246,1377.570,0.310
1116.0,84.900,0.28279,1377.743,0.311
1116.3,85.000,0.28312,1378.099,0.311
1116.1,85.100,0.28345,1377.909,0.311
1116.5,85.200,0.28378,1378.367,0.312
1117.2,85.300,0.28412,1379.289,0.312
1117.8,85.400,0.28445,1379.993,0.313
1118.6,85.500,0.28478,1380.998,0.313
1119.3,85.600,0.28512,1381.856,0.313
1119.7,85.700,0.28545,1382.353,0.314
1120.4,85.800,0.28579,1383.166,0.314
1120.7,85.900,0.28612,1383.597,0.314
1121.3,86.000,0.28645,1384.303,0.315
1121.9,86.100,0.28679,1385.067,0.315
1122.3,86.200,0.28712,1385.584,0.316
1122.8,86.300,0.28745,1386.209,0.316
1123.3,86.400,0.28779,1386.728,0.316
1123.9,86.500,0.28812,1387.532,0.317
1124.4,86.600,0.28846,1388.156,0.317
1124.9,86.700,0.28879,1388.709,0.317
1125.3,86.800,0.28912,1389.254,0.318
1126.0,86.900,0.28945,1390.103,0.318
1126.6,87.000,0.28979,1390.831,0.318
1127.2,87.100,0.29012,1391.593,0.319
1127.7,87.200,0.29045,1392.227,0.319
1128.3,87.300,0.29079,1392.954,0.320
1128.9,87.400,0.29112,1393.683,0.320
1129.7,87.500,0.29145,1394.702,0.320
1130.3,87.600,0.29179,1395.424,0.321
1131.1,87.700,0.29212,1396.414,0.321
1131.7,87.800,0.29245,1397.115,0.321
1132.4,87.900,0.29279,1397.966,0.322
1133.1,88.000,0.29312,1398.853,0.322
1134.0,88.100,0.29346,1399.961,0.322
1135.1,88.200,0.29379,1401.298,0.323
1135.8,88.300,0.29412,1402.230,0.323
1136.7,88.400,0.29446,1403.303,0.324
1137.7,88.500,0.29479,1404.532,0.324
1138.3,88.600,0.29512,1405.330,0.324
1139.1,88.700,0.29546,1406.287,0.325
1139.7,88.800,0.29579,1407.080,0.325
1140.3,88.900,0.29612,1407.817,0.325
1140.8,89.000,0.29645,1408.426,0.326
1141.2,89.100,0.29679,1408.880,0.326
1141.6,89.200,0.29712,1409.438,0.327
1142.2,89.300,0.29745,1410.162,0.327
1142.7,89.400,0.29779,1410.794,0.327
1143.2,89.500,0.29812,1411.335,0.328
1143.8,89.600,0.29845,1412.115,0.328
1144.2,89.700,0.29878,1412.642,0.328
1145.1,89.800,0.29912,1413.673,0.329
1145.9,89.900,0.29945,1414.686,0.329
1146.5,90.000,0.29979,1415.371,0.329
1147.1,90.070,0.30002,1416.229,0.330