33.6,0.30,0.000,0.376,0.006
96.3,0.50,0.001,1.079,0.025
160.3,0.70,0.002,1.797,0.044
229.7,0.90,0.002,2.575,0.063
296.8,1.10,0.003,3.327,0.081
352.5,1.30,0.004,3.951,0.100
385.1,1.50,0.004,4.317,0.118
391.2,1.70,0.005,4.386,0.137
382.2,1.90,0.006,4.285,0.156
386.6,2.10,0.006,4.334,0.175
398.9,2.30,0.007,4.472,0.193
273.8,2.50,0.008,3.070,0.211
254.4,2.70,0.008,2.852,0.230
244.0,2.90,0.009,2.736,0.249
238.1,3.10,0.009,2.669,0.267
235.6,3.30,0.010,2.641,0.286
241.1,3.50,0.011,2.703,0.305
246.2,3.70,0.011,2.760,0.323
263.5,3.90,0.012,2.954,0.342
285.9,4.10,0.013,3.205,0.361
309.7,4.30,0.013,3.472,0.380
335.0,4.50,0.014,3.756,0.399
364.1,4.70,0.015,4.082,0.417
391.5,4.90,0.015,4.390,0.436
414.9,5.10,0.016,4.651,0.454
422.2,5.30,0.017,4.734,0.473
398.2,5.50,0.017,4.464,0.492
391.5,5.70,0.018,4.389,0.511
399.7,5.90,0.019,4.482,0.529
412.9,6.10,0.019,4.629,0.548
434.5,6.30,0.020,4.871,0.567
451.2,6.50,0.021,5.059,0.585
469.3,6.70,0.021,5.262,0.604
488.1,6.90,0.022,5.472,0.622
508.2,7.10,0.023,5.697,0.641
530.1,7.30,0.023,5.943,0.660
550.3,7.50,0.024,6.169,0.678
571.8,7.70,0.025,6.410,0.697
593.0,7.90,0.025,6.649,0.716
616.2,8.10,0.026,6.908,0.734
638.5,8.30,0.027,7.159,0.753
661.6,8.50,0.027,7.417,0.772
685.0,8.70,0.028,7.679,0.790
708.9,8.90,0.029,7.948,0.809
733.7,9.10,0.029,8.225,0.828
758.5,9.30,0.030,8.503,0.847
785.4,9.50,0.031,8.806,0.866
812.2,9.70,0.031,9.106,0.884
839.6,9.90,0.032,9.413,0.903
867.1,10.10,0.033,9.722,0.922
894.7,10.30,0.033,10.031,0.940
923.5,10.50,0.034,10.353,0.959
951.1,10.70,0.035,10.662,0.978
979.3,10.90,0.035,10.979,0.996
1008.1,11.10,0.036,11.302,1.015
1037.4,11.30,0.037,11.631,1.034
1065.8,11.50,0.037,11.949,1.052
1095.3,11.70,0.038,12.280,1.071
1125.1,11.90,0.039,12.614,1.090
1155.2,12.10,0.039,12.952,1.108
1185.9,12.30,0.040,13.295,1.127
1216.3,12.50,0.041,13.636,1.146
1247.3,12.70,0.041,13.984,1.165
1277.1,12.90,0.042,14.318,1.183
1309.0,13.10,0.043,14.676,1.202
1339.8,13.30,0.043,15.021,1.220
1370.8,13.50,0.044,15.369,1.239
1402.0,13.70,0.045,15.718,1.258
1433.6,13.90,0.045,16.072,1.276
1466.0,14.10,0.046,16.435,1.295
1497.7,14.30,0.047,16.790,1.314
1529.8,14.50,0.047,17.151,1.332
1561.7,14.70,0.048,17.508,1.351
1593.7,14.90,0.049,17.867,1.370
1626.1,15.10,0.049,18.230,1.389
1658.6,15.30,0.050,18.595,1.408
1691.6,15.50,0.051,18.965,1.427
1723.9,15.70,0.051,19.327,1.446
1757.2,15.90,0.052,19.700,1.464
1788.9,16.10,0.053,20.056,1.483
1822.1,16.30,0.053,20.428,1.502
1854.6,16.50,0.054,20.792,1.520
1887.0,16.70,0.055,21.156,1.539
1920.1,16.90,0.055,21.526,1.558
1952.1,17.10,0.056,21.885,1.577
1986.2,17.30,0.057,22.268,1.595
2018.7,17.50,0.057,22.632,1.614
2053.0,17.70,0.058,23.017,1.633
2085.5,17.90,0.059,23.381,1.652
2118.3,18.10,0.059,23.749,1.670
2151.7,18.30,0.060,24.124,1.689
2185.0,18.50,0.061,24.496,1.707
2218.2,18.70,0.061,24.868,1.726
2251.8,18.90,0.062,25.246,1.745
2285.6,19.10,0.063,25.624,1.764
2318.6,19.30,0.063,25.994,1.782
2353.0,19.50,0.064,26.380,1.801
2386.6,19.70,0.065,26.757,1.820
2420.5,19.90,0.065,27.136,1.839
2454.8,20.10,0.066,27.522,1.858
2488.4,20.30,0.067,27.897,1.876
2522.9,20.50,0.067,28.285,1.895
2556.4,20.70,0.068,28.660,1.914
2591.3,20.90,0.069,29.052,1.932
2625.8,21.10,0.069,29.438,1.951
2659.9,21.30,0.070,29.820,1.970
2694.1,21.50,0.071,30.204,1.989
2728.4,21.70,0.071,30.589,2.008
2763.9,21.90,0.072,30.987,2.027
2798.3,22.10,0.073,31.372,2.046
2833.9,22.30,0.073,31.772,2.064
2867.8,22.50,0.074,32.152,2.083
2903.6,22.70,0.075,32.553,2.102
2937.9,22.90,0.075,32.937,2.120
2972.9,23.10,0.076,33.330,2.139
3008.8,23.30,0.077,33.732,2.158
3043.4,23.50,0.077,34.120,2.177
3079.0,23.70,0.078,34.519,2.196
3113.9,23.90,0.079,34.911,2.214
3149.8,24.10,0.079,35.312,2.233
3184.9,24.30,0.080,35.706,2.252
3219.7,24.50,0.081,36.096,2.271
3255.1,24.70,0.081,36.494,2.290
3290.4,24.90,0.082,36.889,2.308
3326.4,25.10,0.083,37.292,2.327
3361.0,25.30,0.083,37.681,2.345
3397.2,25.50,0.084,38.086,2.364
3431.6,25.70,0.085,38.472,2.383
3468.1,25.90,0.085,38.881,2.402
3503.2,26.10,0.086,39.275,2.420
3539.6,26.30,0.087,39.683,2.439
3575.1,26.50,0.087,40.081,2.458
3610.0,26.70,0.088,40.472,2.476
3646.8,26.90,0.089,40.885,2.495
3681.9,27.10,0.089,41.278,2.514
3718.3,27.30,0.090,41.686,2.533
3753.8,27.50,0.091,42.084,2.551
3789.9,27.70,0.091,42.489,2.571
3825.3,27.90,0.092,42.886,2.590
3861.4,28.10,0.093,43.291,2.608
3897.4,28.30,0.093,43.694,2.627
3933.4,28.50,0.094,44.098,2.646
3969.9,28.70,0.095,44.507,2.664
4005.8,28.90,0.095,44.909,2.683
4042.1,29.10,0.096,45.316,2.702
4077.9,29.30,0.097,45.718,2.721
4113.5,29.50,0.097,46.117,2.740
4150.0,29.70,0.098,46.527,2.759
4184.9,29.90,0.099,46.917,2.777
4220.7,30.10,0.099,47.319,2.796
4255.8,30.30,0.100,47.712,2.815
4291.8,30.50,0.101,48.115,2.833
4325.7,30.70,0.101,48.496,2.852
4360.8,30.90,0.102,48.889,2.871
4395.3,31.10,0.103,49.276,2.889
4428.9,31.30,0.103,49.653,2.908
4462.1,31.50,0.104,50.025,2.926
4493.7,31.70,0.105,50.380,2.945
4525.5,31.90,0.105,50.736,2.964
4552.8,32.10,0.106,51.042,2.983
4579.0,32.30,0.107,51.336,3.002
4600.5,32.50,0.107,51.577,3.020
4621.7,32.70,0.108,51.814,3.039
4639.6,32.90,0.109,52.015,3.058
4652.9,33.10,0.109,52.165,3.077
4658.8,33.30,0.110,52.231,3.096
4662.6,33.50,0.111,52.273,3.115
4676.2,33.70,0.111,52.425,3.133
4695.2,33.90,0.112,52.639,3.152
4716.3,34.10,0.113,52.875,3.171
4735.4,34.30,0.113,53.089,3.190
4752.4,34.50,0.114,53.280,3.208
4769.8,34.70,0.115,53.475,3.227
4777.4,34.90,0.115,53.560,3.246
4787.4,35.10,0.116,53.672,3.265
4788.6,35.30,0.117,53.685,3.284
4781.0,35.50,0.117,53.600,3.303
4775.1,35.70,0.118,53.534,3.322
4788.0,35.90,0.119,53.678,3.340
4803.8,36.10,0.119,53.856,3.359
4805.6,36.30,0.120,53.876,3.378
4808.3,36.50,0.121,53.906,3.396
4808.1,36.70,0.121,53.904,3.415
4812.0,36.90,0.122,53.948,3.434
4802.6,37.10,0.123,53.842,3.452
4797.0,37.30,0.123,53.780,3.471
4794.6,37.50,0.124,53.752,3.490
4792.3,37.70,0.125,53.727,3.509
4783.3,37.90,0.125,53.626,3.528
4772.2,38.10,0.126,53.502,3.546
4755.3,38.30,0.127,53.312,3.565
4749.6,38.50,0.127,53.248,3.584
4751.1,38.70,0.128,53.265,3.603
4750.5,38.90,0.129,53.258,3.621
4750.4,39.10,0.129,53.258,3.640
4762.8,39.30,0.130,53.397,3.659
4772.2,39.50,0.131,53.502,3.678
4783.1,39.70,0.131,53.624,3.697
4792.0,39.90,0.132,53.724,3.716
4799.3,40.10,0.133,53.806,3.735
4796.5,40.30,0.133,53.774,3.753
4800.2,40.50,0.134,53.816,3.772
4798.7,40.70,0.135,53.799,3.791
4799.1,40.90,0.135,53.803,3.810
4805.1,41.10,0.136,53.870,3.829
4809.9,41.30,0.137,53.925,3.847
4822.6,41.50,0.137,54.066,3.866
4831.0,41.70,0.138,54.161,3.885
4834.6,41.90,0.139,54.201,3.904
4830.3,42.10,0.139,54.153,3.922
4834.9,42.30,0.140,54.205,3.941
4839.7,42.50,0.141,54.258,3.960
4853.4,42.70,0.141,54.412,3.979
4864.1,42.90,0.142,54.532,3.997
4871.8,43.10,0.143,54.618,4.016
4872.4,43.30,0.143,54.625,4.035
4875.6,43.50,0.144,54.661,4.053
4875.6,43.70,0.145,54.661,4.072
4877.4,43.90,0.145,54.681,4.091
4886.4,44.10,0.146,54.782,4.109
4896.1,44.30,0.147,54.891,4.128
4909.4,44.50,0.147,55.040,4.147
4918.7,44.70,0.148,55.144,4.166
4916.8,44.90,0.149,55.123,4.185
4916.4,45.10,0.149,55.118,4.204
4911.9,45.30,0.150,55.068,4.222
4907.8,45.50,0.151,55.022,4.241
4900.7,45.70,0.151,54.942,4.260
4899.1,45.90,0.152,54.924,4.279
4907.1,46.10,0.153,55.014,4.298
4916.8,46.30,0.153,55.123,4.317
4927.7,46.50,0.154,55.245,4.336
4929.7,46.70,0.155,55.267,4.355
4939.4,46.90,0.155,55.376,4.373
4948.9,47.10,0.156,55.483,4.392
4951.8,47.30,0.157,55.515,4.411
4954.1,47.50,0.157,55.541,4.429
4958.1,47.70,0.158,55.586,4.448
4958.1,47.90,0.159,55.586,4.467
4954.0,48.10,0.159,55.540,4.485
4950.0,48.30,0.160,55.495,4.504
4942.7,48.50,0.161,55.414,4.523
4940.7,48.70,0.161,55.391,4.542
4950.2,48.90,0.162,55.498,4.561
4960.9,49.10,0.163,55.617,4.579
4971.0,49.30,0.163,55.731,4.598
4975.4,49.50,0.164,55.780,4.616
4980.5,49.70,0.165,55.837,4.635
4985.8,49.90,0.165,55.896,4.654
4987.0,50.10,0.166,55.910,4.672
4988.8,50.30,0.167,55.930,4.691
4990.1,50.50,0.167,55.945,4.710
4985.9,50.70,0.168,55.898,4.729
4986.1,50.90,0.169,55.899,4.748
4990.6,51.10,0.169,55.951,4.767
4994.2,51.30,0.170,55.990,4.785
4995.7,51.50,0.171,56.008,4.804
4998.9,51.70,0.171,56.043,4.823
5003.4,51.90,0.172,56.093,4.841
5011.1,52.10,0.173,56.180,4.860
5015.3,52.30,0.173,56.227,4.879
5021.1,52.50,0.174,56.292,4.898
5029.8,52.70,0.175,56.390,4.917
5040.1,52.90,0.175,56.505,4.936
5047.1,53.10,0.176,56.584,4.955
5052.2,53.30,0.177,56.641,4.973
5056.0,53.50,0.177,56.683,4.992
5058.7,53.70,0.178,56.714,5.011
5061.5,53.90,0.179,56.745,5.029
5063.4,54.10,0.179,56.766,5.048
5067.2,54.30,0.180,56.808,5.067
5069.9,54.50,0.181,56.839,5.085
5070.5,54.70,0.181,56.846,5.104
5072.1,54.90,0.182,56.864,5.123
5074.9,55.10,0.183,56.895,5.142
5082.4,55.30,0.183,56.979,5.160
5084.7,55.50,0.184,57.006,5.179
5093.8,55.70,0.185,57.107,5.198
5101.8,55.90,0.185,57.196,5.216
5109.4,56.10,0.186,57.282,5.235
5106.7,56.30,0.187,57.251,5.254
5106.1,56.50,0.187,57.245,5.273
5113.1,56.70,0.188,57.324,5.292
5122.6,56.90,0.189,57.431,5.311
5131.9,57.10,0.189,57.534,5.329
5141.4,57.30,0.190,57.641,5.348
5147.7,57.50,0.191,57.712,5.367
5154.4,57.70,0.191,57.787,5.385
5163.0,57.90,0.192,57.883,5.404
5171.3,58.10,0.193,57.976,5.423
5179.6,58.30,0.193,58.069,5.441
5186.7,58.50,0.194,58.149,5.461
5189.4,58.70,0.195,58.178,5.479
5197.9,58.90,0.195,58.275,5.498
5203.0,59.10,0.196,58.331,5.517
5209.7,59.30,0.197,58.407,5.536
5214.2,59.50,0.197,58.458,5.555
5219.5,59.70,0.198,58.516,5.573
5225.0,59.90,0.199,58.578,5.592
5233.1,60.10,0.199,58.668,5.611
5241.2,60.30,0.200,58.760,5.629
5246.6,60.50,0.200,58.820,5.648
5254.8,60.70,0.201,58.912,5.667
5262.2,60.90,0.202,58.995,5.685
5269.9,61.10,0.202,59.082,5.704
5276.6,61.30,0.203,59.157,5.723
5284.2,61.50,0.204,59.242,5.741
5289.9,61.70,0.204,59.306,5.760
5296.6,61.90,0.205,59.381,5.779
5303.9,62.10,0.206,59.463,5.797
5309.3,62.30,0.206,59.523,5.816
5316.0,62.50,0.207,59.598,5.835
5323.0,62.70,0.208,59.676,5.853
5330.1,62.90,0.208,59.756,5.872
5337.8,63.10,0.209,59.842,5.891
5342.6,63.30,0.210,59.896,5.909
5349.2,63.50,0.210,59.971,5.928
5356.3,63.70,0.211,60.050,5.947
5364.9,63.90,0.212,60.146,5.967
5369.5,64.10,0.212,60.198,5.985
5376.2,64.30,0.213,60.273,6.004
5384.0,64.50,0.214,60.360,6.023
5391.4,64.70,0.214,60.444,6.041
5397.5,64.90,0.215,60.512,6.060
5402.1,65.10,0.216,60.563,6.079
5409.6,65.30,0.216,60.647,6.097
5417.2,65.50,0.217,60.733,6.116
5424.3,65.70,0.218,60.812,6.135
5428.6,65.90,0.218,60.860,6.153
5435.4,66.10,0.219,60.937,6.172
5443.2,66.30,0.220,61.024,6.191
5450.5,66.50,0.220,61.106,6.209
5455.9,66.70,0.221,61.167,6.228
5461.1,66.90,0.222,61.225,6.247
5468.9,67.10,0.222,61.313,6.266
5476.1,67.30,0.223,61.393,6.284
5481.5,67.50,0.224,61.454,6.303
5486.4,67.70,0.224,61.508,6.321
5493.3,67.90,0.225,61.587,6.340
5501.7,68.10,0.226,61.680,6.359
5505.8,68.30,0.226,61.726,6.377
5512.1,68.50,0.227,61.796,6.396
5518.0,68.70,0.228,61.863,6.415
5526.1,68.90,0.228,61.954,6.434
5531.0,69.10,0.229,62.009,6.452
5536.0,69.30,0.230,62.065,6.471
5543.3,69.50,0.230,62.147,6.491
5550.3,69.70,0.231,62.225,6.509
5555.5,69.90,0.232,62.284,6.528
5559.5,70.10,0.232,62.329,6.547
5566.8,70.30,0.233,62.411,6.565
5573.7,70.50,0.234,62.488,6.584
5578.6,70.70,0.234,62.543,6.603
5583.1,70.90,0.235,62.593,6.621
5590.5,71.10,0.236,62.675,6.640
5596.9,71.30,0.236,62.748,6.659
5601.2,71.50,0.237,62.796,6.677
5606.9,71.70,0.238,62.860,6.696
5614.1,71.90,0.238,62.940,6.715
5620.7,72.10,0.239,63.015,6.734
5624.7,72.30,0.240,63.060,6.752
5629.7,72.50,0.240,63.115,6.771
5638.0,72.70,0.241,63.208,6.790
5643.0,72.90,0.242,63.265,6.809
5647.2,73.10,0.242,63.311,6.828
5651.1,73.30,0.243,63.355,6.846
5659.8,73.50,0.244,63.452,6.865
5664.6,73.70,0.244,63.506,6.883
5668.9,73.90,0.245,63.555,6.902
5675.2,74.10,0.246,63.625,6.921
5682.0,74.30,0.246,63.701,6.940
5686.8,74.50,0.247,63.756,6.959
5690.6,74.70,0.248,63.798,6.977
5698.2,74.90,0.248,63.884,6.996
5703.7,75.10,0.249,63.945,7.015
5708.3,75.30,0.250,63.997,7.034
5711.9,75.50,0.250,64.037,7.053
5719.5,75.70,0.251,64.122,7.072
5725.0,75.90,0.252,64.183,7.090
5728.4,76.10,0.252,64.222,7.109
5733.3,76.30,0.253,64.277,7.128
5740.2,76.50,0.254,64.354,7.147
5745.6,76.70,0.254,64.415,7.165
5749.2,76.90,0.255,64.455,7.184
5755.6,77.10,0.256,64.527,7.203
5761.9,77.30,0.256,64.597,7.221
5766.0,77.50,0.257,64.643,7.240
5770.4,77.70,0.258,64.692,7.259
5775.1,77.90,0.258,64.745,7.278
5782.3,78.10,0.259,64.826,7.297
5786.3,78.30,0.260,64.871,7.315
5790.1,78.50,0.260,64.913,7.334
5795.1,78.70,0.261,64.970,7.353
5801.2,78.90,0.262,65.038,7.371
5806.6,79.10,0.262,65.099,7.390
5809.3,79.30,0.263,65.129,7.408
5815.0,79.50,0.264,65.193,7.428
5821.0,79.70,0.264,65.260,7.446
5826.4,79.90,0.265,65.320,7.465
5829.2,80.10,0.266,65.352,7.484
5835.0,80.30,0.266,65.417,7.502
5841.2,80.50,0.267,65.487,7.522
5845.3,80.70,0.268,65.532,7.540
5848.8,80.90,0.268,65.571,7.559
5854.5,81.10,0.269,65.636,7.578
5861.5,81.30,0.270,65.714,7.597
5863.1,81.50,0.270,65.732,7.616
5867.8,81.70,0.271,65.784,7.634
5874.5,81.90,0.272,65.860,7.653
5878.7,82.10,0.272,65.907,7.672
5882.3,82.30,0.273,65.948,7.691
5885.9,82.50,0.274,65.988,7.709
5893.3,82.70,0.274,66.070,7.729
5896.8,82.90,0.275,66.109,7.747
5900.3,83.10,0.276,66.149,7.766
5905.0,83.30,0.276,66.202,7.785
5911.8,83.50,0.277,66.277,7.804
5914.8,83.70,0.278,66.312,7.822
5917.8,83.90,0.278,66.345,7.841
5923.9,84.10,0.279,66.413,7.860
5928.8,84.30,0.280,66.469,7.879
5932.4,84.50,0.280,66.508,7.897
5935.1,84.70,0.281,66.539,7.916
5941.3,84.90,0.282,66.608,7.935
5946.5,85.10,0.282,66.667,7.954
5950.9,85.30,0.283,66.716,7.972
5953.9,85.50,0.284,66.750,7.991
5958.5,85.70,0.284,66.802,8.010
5964.7,85.90,0.285,66.871,8.029
5968.2,86.10,0.286,66.910,8.048
5971.2,86.30,0.286,66.943,8.066
5976.4,86.50,0.287,67.002,8.085
5981.6,86.70,0.288,67.061,8.104
5985.1,86.90,0.288,67.099,8.123
5987.7,87.10,0.289,67.128,8.142
5993.7,87.30,0.290,67.196,8.161
5998.1,87.50,0.290,67.245,8.180
6002.2,87.70,0.291,67.292,8.198
6004.8,87.90,0.292,67.320,8.217
6010.2,88.10,0.292,67.381,8.236
6015.2,88.30,0.293,67.437,8.255
6018.0,88.50,0.294,67.468,8.274
6021.0,88.70,0.294,67.502,8.293
6026.1,88.90,0.295,67.560,8.312
6031.6,89.10,0.296,67.621,8.330
6033.2,89.30,0.296,67.639,8.349
6037.3,89.50,0.297,67.685,8.368
6042.1,89.70,0.298,67.739,8.386
6047.5,89.90,0.298,67.799,8.405
6049.0,90.10,0.299,67.816,8.424
6053.3,90.30,0.300,67.865,8.442
6058.7,90.50,0.300,67.924,8.461
6063.3,90.70,0.301,67.977,8.480
6065.6,90.90,0.302,68.002,8.499
6068.6,91.10,0.302,68.036,8.517
6074.3,91.30,0.303,68.100,8.537
6079.1,91.50,0.304,68.153,8.556
6081.1,91.70,0.304,68.175,8.574
6084.9,91.90,0.305,68.218,8.593
6089.7,92.10,0.306,68.273,8.612
6094.7,92.30,0.306,68.328,8.631
6096.8,92.50,0.307,68.352,8.649
6099.8,92.70,0.308,68.386,8.668
6104.6,92.90,0.308,68.439,8.687
6109.4,93.10,0.309,68.493,8.706
6111.3,93.30,0.310,68.514,8.725
6114.4,93.50,0.310,68.549,8.743
6120.2,93.70,0.311,68.614,8.763
6123.7,93.90,0.312,68.654,8.782
6126.1,94.10,0.312,68.681,8.800
6129.0,94.30,0.313,68.713,8.819
6134.9,94.50,0.314,68.780,8.838
6137.7,94.70,0.314,68.810,8.857
6140.0,94.90,0.315,68.836,8.875
6143.7,95.10,0.316,68.878,8.894
6148.3,95.30,0.316,68.929,8.913
6152.0,95.50,0.317,68.971,8.931
6154.0,95.70,0.318,68.993,8.950
6157.7,95.90,0.318,69.034,8.969
6162.8,96.10,0.319,69.092,8.988
6165.6,96.30,0.320,69.123,9.006
6167.8,96.50,0.320,69.148,9.025
6172.0,96.70,0.321,69.195,9.043
6177.1,96.90,0.322,69.252,9.063
6179.1,97.10,0.322,69.274,9.081
6182.1,97.30,0.323,69.309,9.100
6185.5,97.50,0.324,69.346,9.119
6191.1,97.70,0.324,69.409,9.138
6192.7,97.90,0.325,69.427,9.157
6194.8,98.10,0.326,69.451,9.175
6199.1,98.30,0.326,69.499,9.194
6203.6,98.50,0.327,69.549,9.213
6207.0,98.70,0.328,69.588,9.231
6207.8,98.90,0.328,69.596,9.250
6212.4,99.10,0.329,69.648,9.269
6216.8,99.30,0.330,69.698,9.288
6219.2,99.50,0.330,69.725,9.307
6221.5,99.70,0.331,69.750,9.326
6225.6,99.90,0.332,69.796,9.345
6229.8,100.10,0.332,69.843,9.363
6232.2,100.30,0.333,69.870,9.382
6234.2,100.50,0.334,69.893,9.401
6238.4,100.70,0.334,69.939,9.420
6242.9,100.90,0.335,69.990,9.439
6244.5,101.10,0.336,70.007,9.458
6246.3,101.30,0.336,70.028,9.476
6251.4,101.50,0.337,70.085,9.495
6254.5,101.70,0.338,70.120,9.514
6256.8,101.90,0.338,70.146,9.533
6258.3,102.10,0.339,70.162,9.551
6263.3,102.30,0.340,70.219,9.570
6266.2,102.50,0.340,70.251,9.589
6268.3,102.70,0.341,70.274,9.607
6270.9,102.90,0.342,70.304,9.626
6274.9,103.10,0.342,70.349,9.645
6278.6,103.30,0.343,70.390,9.663
6278.8,103.50,0.344,70.392,9.682
6283.3,103.70,0.344,70.442,9.701
6287.4,103.90,0.345,70.489,9.719
6290.7,104.10,0.346,70.526,9.738
6291.6,104.30,0.346,70.536,9.757
6295.3,104.50,0.347,70.577,9.776
6299.7,104.70,0.348,70.627,9.795
6301.9,104.90,0.348,70.651,9.814
6303.6,105.10,0.349,70.671,9.833
6307.3,105.30,0.350,70.712,9.851
6311.3,105.50,0.350,70.757,9.870
6313.2,105.70,0.351,70.778,9.889
6314.5,105.90,0.352,70.793,9.908
6318.7,106.10,0.352,70.840,9.927
6322.1,106.30,0.353,70.877,9.946
6323.5,106.50,0.354,70.894,9.964
6325.5,106.70,0.354,70.916,9.983
6330.9,106.90,0.355,70.977,10.002
6332.5,107.10,0.356,70.995,10.021
6333.9,107.30,0.356,71.011,10.039
6336.9,107.50,0.357,71.043,10.058
6341.0,107.70,0.358,71.090,10.077
6343.3,107.90,0.358,71.116,10.095
6344.3,108.10,0.359,71.127,10.114
6348.5,108.30,0.360,71.174,10.133
6351.6,108.50,0.360,71.209,10.151
6353.5,108.70,0.361,71.230,10.170
6354.1,108.90,0.362,71.236,10.189
6358.8,109.10,0.362,71.289,10.207
6362.6,109.30,0.363,71.332,10.226
6363.8,109.50,0.364,71.345,10.245
6365.4,109.70,0.364,71.364,10.263
6369.9,109.90,0.365,71.413,10.282
6373.3,110.10,0.366,71.452,10.301
6373.9,110.30,0.366,71.458,10.320
6376.6,110.50,0.367,71.489,10.339
6380.2,110.70,0.368,71.529,10.358
6383.3,110.90,0.368,71.563,10.377
6384.6,111.10,0.369,71.579,10.395
6385.5,111.30,0.370,71.589,10.414
6390.3,111.50,0.370,71.643,10.433
6392.4,111.70,0.371,71.666,10.452
6393.7,111.90,0.372,71.680,10.470
6396.2,112.10,0.372,71.709,10.489
6400.5,112.30,0.373,71.757,10.508
6402.0,112.50,0.374,71.773,10.527
6402.5,112.70,0.374,71.779,10.546
6406.1,112.90,0.375,71.819,10.564
6409.3,113.10,0.376,71.855,10.583
6410.6,113.30,0.376,71.870,10.602
6412.1,113.50,0.377,71.887,10.620
6416.9,113.70,0.378,71.941,10.639
6417.8,113.90,0.378,71.951,10.658
6419.0,114.10,0.379,71.964,10.677
6421.7,114.30,0.380,71.994,10.695
6425.6,114.50,0.380,72.038,10.714
6427.4,114.70,0.381,72.059,10.733
6428.3,114.90,0.382,72.068,10.751
6432.3,115.10,0.382,72.113,10.770
6435.1,115.30,0.383,72.145,10.789
6435.5,115.50,0.384,72.149,10.807
6438.1,115.70,0.384,72.179,10.826
6441.7,115.90,0.385,72.218,10.845
6444.0,116.10,0.386,72.244,10.864
6444.1,116.30,0.386,72.245,10.882
6447.9,116.50,0.387,72.289,10.902
6450.6,116.70,0.388,72.319,10.920
6452.0,116.90,0.388,72.334,10.939
6453.0,117.10,0.389,72.345,10.958
6456.5,117.30,0.390,72.384,10.976
6459.8,117.50,0.390,72.421,10.995
6460.3,117.70,0.391,72.427,11.014
6462.1,117.90,0.392,72.447,11.033
6465.1,118.10,0.392,72.481,11.052
6468.4,118.30,0.393,72.518,11.071
6468.0,118.50,0.394,72.514,11.090
6471.2,118.70,0.394,72.549,11.108
6474.8,118.90,0.395,72.590,11.127
6475.1,119.10,0.396,72.593,11.146
6475.8,119.30,0.396,72.601,11.165
6479.1,119.50,0.397,72.638,11.184
6482.1,119.70,0.398,72.671,11.202
6482.3,119.90,0.398,72.674,11.220
6484.6,120.10,0.399,72.700,11.239
6488.4,120.30,0.400,72.742,11.259
6489.7,120.50,0.400,72.757,11.277
6491.1,120.70,0.401,72.773,11.295
6493.1,120.90,0.402,72.795,11.315
6496.9,121.10,0.402,72.837,11.334
6497.4,121.30,0.403,72.843,11.352
6498.6,121.50,0.404,72.857,11.371
6501.5,121.70,0.404,72.889,11.390
6504.5,121.90,0.405,72.923,11.408
6504.6,122.10,0.406,72.924,11.427
6505.7,122.30,0.406,72.937,11.446
6510.2,122.50,0.407,72.987,11.464
6511.6,122.70,0.408,73.003,11.483
6513.0,122.90,0.408,73.018,11.502
6514.1,123.10,0.409,73.030,11.521
6518.1,123.30,0.410,73.075,11.540
6519.0,123.50,0.410,73.085,11.559
6519.5,123.70,0.411,73.091,11.578
6521.7,123.90,0.412,73.116,11.596
6524.9,124.10,0.412,73.151,11.615
6526.0,124.30,0.413,73.163,11.634
6526.2,124.50,0.414,73.166,11.653
6530.1,124.70,0.414,73.209,11.672
6532.2,124.90,0.415,73.233,11.690
6532.2,125.10,0.416,73.234,11.709
6534.4,125.30,0.416,73.258,11.728
6537.8,125.50,0.417,73.296,11.747
6538.8,125.70,0.418,73.307,11.765
6538.8,125.90,0.418,73.307,11.784
6542.5,126.10,0.419,73.349,11.803
6544.2,126.30,0.420,73.368,11.822
6545.0,126.50,0.420,73.376,11.840
6545.6,126.70,0.421,73.384,11.859
6549.3,126.90,0.422,73.425,11.878
6550.8,127.10,0.422,73.441,11.896
6550.4,127.30,0.423,73.437,11.915
6553.8,127.50,0.424,73.475,11.934
6556.3,127.70,0.424,73.503,11.952
6557.0,127.90,0.425,73.511,11.971
6557.4,128.10,0.426,73.515,11.990
6561.3,128.30,0.426,73.559,12.009
6563.0,128.50,0.427,73.578,12.028
6563.2,128.70,0.428,73.580,12.046
6565.5,128.90,0.428,73.606,12.066
6568.3,129.10,0.429,73.639,12.084
6568.4,129.30,0.430,73.639,12.103
6569.3,129.50,0.430,73.649,12.122
6572.4,129.70,0.431,73.684,12.141
6574.2,129.90,0.432,73.704,12.160
6574.0,130.10,0.432,73.701,12.178
6575.2,130.30,0.433,73.716,12.197
6577.7,130.50,0.434,73.743,12.216
6580.5,130.70,0.434,73.775,12.234
6579.7,130.90,0.435,73.766,12.253
6582.0,131.10,0.436,73.791,12.272
6584.9,131.30,0.436,73.824,12.291
6584.9,131.50,0.437,73.825,12.310
6585.6,131.70,0.438,73.831,12.328
6588.6,131.90,0.438,73.866,12.347
6590.9,132.10,0.439,73.892,12.366
6589.6,132.30,0.440,73.877,12.384
6591.7,132.50,0.440,73.901,12.403
6594.4,132.70,0.441,73.930,12.422
6595.9,132.90,0.442,73.947,12.440
6595.1,133.10,0.442,73.938,12.459
6598.4,133.30,0.443,73.975,12.478
6600.8,133.50,0.444,74.002,12.496
6600.6,133.70,0.444,74.000,12.515
6602.0,133.90,0.445,74.016,12.534
6605.1,134.10,0.446,74.050,12.553
6606.1,134.30,0.446,74.062,12.572
6605.6,134.50,0.447,74.056,12.590
6608.1,134.70,0.448,74.084,12.610
6610.8,134.90,0.448,74.114,12.628
6610.2,135.10,0.449,74.108,12.647
6611.4,135.30,0.450,74.121,12.666
6614.0,135.50,0.450,74.150,12.684
6615.6,135.70,0.451,74.169,12.703
6614.9,135.90,0.452,74.161,12.722
6617.4,136.10,0.452,74.188,12.740
6620.1,136.30,0.453,74.219,12.760
6620.3,136.50,0.454,74.221,12.778
6620.4,136.70,0.454,74.222,12.797
6622.6,136.90,0.455,74.247,12.816
6625.7,137.10,0.456,74.282,12.835
6624.3,137.30,0.456,74.265,12.853
6625.5,137.50,0.457,74.279,12.872
6627.5,137.70,0.458,74.302,12.891
6629.3,137.90,0.458,74.322,12.910
6628.7,138.10,0.459,74.315,12.928
6630.6,138.30,0.460,74.336,12.947
6633.5,138.50,0.460,74.369,12.966
6633.5,138.70,0.461,74.369,12.984
6634.1,138.90,0.462,74.376,13.003
6637.0,139.10,0.462,74.408,13.022
6639.3,139.30,0.463,74.434,13.041
6637.8,139.50,0.464,74.417,13.059
6639.4,139.70,0.464,74.435,13.078
6642.8,139.90,0.465,74.474,13.097
6641.8,140.10,0.466,74.462,13.116
6642.6,140.30,0.466,74.471,13.135
6644.3,140.50,0.467,74.490,13.153
6646.0,140.70,0.468,74.509,13.172
6645.2,140.90,0.468,74.500,13.191
6647.1,141.10,0.469,74.521,13.210
6650.3,141.30,0.470,74.557,13.229
6650.6,141.50,0.470,74.561,13.247
6650.3,141.70,0.471,74.558,13.266
6652.2,141.90,0.472,74.578,13.285
6655.3,142.10,0.472,74.613,13.304
6653.8,142.30,0.473,74.596,13.323
6654.8,142.50,0.474,74.608,13.342
6657.0,142.70,0.474,74.632,13.361
6658.2,142.90,0.475,74.646,13.379
6657.5,143.10,0.476,74.638,13.398
6658.4,143.30,0.476,74.648,13.417
6661.9,143.50,0.477,74.687,13.436
6661.6,143.70,0.478,74.684,13.454
6661.4,143.90,0.478,74.682,13.473
6664.0,144.10,0.479,74.710,13.492
6665.9,144.30,0.480,74.732,13.511
6665.8,144.50,0.480,74.731,13.529
6665.4,144.70,0.481,74.726,13.548
6668.5,144.90,0.482,74.762,13.567
6669.0,145.10,0.482,74.767,13.586
6669.1,145.30,0.483,74.768,13.604
6670.0,145.50,0.484,74.778,13.623
6673.6,145.70,0.484,74.819,13.643
6671.3,145.90,0.485,74.793,13.661
6672.0,146.10,0.486,74.801,13.680
6675.6,146.30,0.486,74.841,13.699
6675.7,146.50,0.487,74.842,13.717
6675.5,146.70,0.488,74.840,13.736
6676.1,146.90,0.488,74.847,13.755
6679.2,147.10,0.489,74.882,13.774
6678.1,147.30,0.490,74.869,13.793
6678.7,147.50,0.490,74.876,13.812
6680.8,147.70,0.491,74.900,13.831
6682.1,147.90,0.492,74.914,13.849
6680.9,148.10,0.492,74.900,13.868
6682.6,148.30,0.493,74.919,13.887
6685.2,148.50,0.494,74.948,13.906
6684.8,148.70,0.494,74.944,13.925
6684.1,148.90,0.495,74.936,13.943
6685.8,149.10,0.496,74.955,13.962
6688.2,149.30,0.496,74.983,13.981
6687.8,149.50,0.497,74.978,14.000
6687.5,149.70,0.498,74.974,14.019
6691.3,149.90,0.498,75.017,14.037
6690.7,150.10,0.499,75.010,14.056
6690.1,150.30,0.500,75.003,14.075
6691.2,150.50,0.500,75.016,14.094
6693.4,150.70,0.501,75.041,14.113
6693.7,150.90,0.502,75.044,14.132
6692.4,151.10,0.502,75.030,14.150
6694.4,151.30,0.503,75.052,14.169
6695.6,151.50,0.504,75.065,14.188
6695.4,151.70,0.504,75.063,14.206
6695.6,151.90,0.505,75.065,14.225
6699.5,152.10,0.506,75.109,14.244
6698.8,152.30,0.506,75.101,14.263
6698.0,152.50,0.507,75.092,14.282
6700.6,152.70,0.508,75.121,14.301
6701.7,152.90,0.508,75.134,14.320
6700.4,153.10,0.509,75.118,14.339
6700.6,153.30,0.510,75.121,14.358
6703.3,153.50,0.510,75.151,14.377
6703.0,153.70,0.511,75.148,14.395
6701.8,153.90,0.512,75.135,14.414
6704.1,154.10,0.512,75.161,14.433
6705.6,154.30,0.513,75.177,14.452
6704.5,154.50,0.514,75.164,14.470
6704.6,154.70,0.514,75.166,14.489
6708.0,154.90,0.515,75.204,14.508
6707.6,155.10,0.516,75.199,14.526
6707.0,155.30,0.516,75.193,14.545
6707.6,155.50,0.517,75.200,14.565
6709.5,155.70,0.518,75.221,14.584
6709.6,155.90,0.518,75.222,14.602
6707.7,156.10,0.519,75.201,14.621
6710.1,156.30,0.520,75.228,14.640
6711.7,156.50,0.520,75.246,14.658
6710.9,156.70,0.521,75.237,14.677
6710.3,156.90,0.522,75.229,14.696
6712.8,157.10,0.522,75.258,14.714
6713.7,157.30,0.523,75.268,14.733
6712.6,157.50,0.524,75.256,14.752
6713.4,157.70,0.524,75.264,14.771
6715.8,157.90,0.525,75.292,14.790
6715.1,158.10,0.526,75.283,14.809
6714.2,158.30,0.526,75.274,14.828
6716.1,158.50,0.527,75.295,14.846
6717.3,158.70,0.528,75.309,14.866
6715.6,158.90,0.528,75.289,14.884
6716.9,159.10,0.529,75.304,14.903
6717.7,159.30,0.530,75.313,14.922
6718.1,159.50,0.530,75.318,14.941
6716.3,159.70,0.531,75.297,14.959
6718.4,159.90,0.532,75.320,14.978
6719.8,160.10,0.532,75.337,14.997
6718.1,160.30,0.533,75.318,15.016
6718.9,160.50,0.534,75.327,15.034
6720.8,160.70,0.534,75.347,15.053
6720.5,160.90,0.535,75.345,15.072
6718.8,161.10,0.536,75.326,15.090
6721.1,161.30,0.536,75.351,15.110
6721.3,161.50,0.537,75.353,15.128
6721.2,161.70,0.538,75.352,15.146
6720.2,161.90,0.538,75.341,15.165
6722.6,162.10,0.539,75.368,15.185
6722.4,162.30,0.540,75.366,15.203
6721.1,162.50,0.540,75.351,15.222
6722.2,162.70,0.541,75.364,15.241
6724.1,162.90,0.542,75.384,15.260
6724.1,163.10,0.542,75.385,15.278
6722.5,163.30,0.543,75.367,15.297
6723.9,163.50,0.544,75.382,15.316
6725.8,163.70,0.544,75.404,15.335
6723.6,163.90,0.545,75.379,15.353
6724.0,164.10,0.546,75.383,15.373
6724.8,164.30,0.546,75.392,15.391
6724.9,164.50,0.547,75.394,15.410
6723.1,164.70,0.548,75.373,15.429
6724.1,164.90,0.548,75.385,15.447
6726.3,165.10,0.549,75.409,15.467
6725.3,165.30,0.550,75.398,15.485
6724.0,165.50,0.550,75.384,15.504
6725.1,165.70,0.551,75.396,15.523
6727.0,165.90,0.552,75.418,15.542
6724.5,166.10,0.552,75.389,15.561
6725.1,166.30,0.553,75.396,15.579
6726.2,166.50,0.554,75.408,15.598
6725.5,166.70,0.554,75.401,15.617
6723.8,166.90,0.555,75.381,15.635
6725.0,167.10,0.556,75.395,15.654
6726.5,167.30,0.556,75.412,15.673
6724.3,167.50,0.557,75.387,15.691
6723.9,167.70,0.558,75.383,15.710
6726.1,167.90,0.558,75.407,15.729
6724.8,168.10,0.559,75.393,15.747
6723.9,168.30,0.560,75.382,15.766
6725.0,168.50,0.560,75.395,15.785
6726.6,168.70,0.561,75.412,15.804
6724.2,168.90,0.562,75.386,15.822
6724.4,169.10,0.562,75.388,15.842
6725.1,169.30,0.563,75.396,15.861
6725.5,169.50,0.564,75.401,15.879
6723.2,169.70,0.564,75.375,15.898
6723.9,169.90,0.565,75.382,15.917
6725.4,170.10,0.566,75.400,15.935
6723.4,170.30,0.566,75.377,15.954
6722.8,170.50,0.567,75.370,15.973
6723.7,170.70,0.568,75.380,15.992
6724.4,170.90,0.568,75.388,16.011
6721.4,171.10,0.569,75.354,16.029
6723.5,171.30,0.570,75.378,16.049
6723.8,171.50,0.570,75.381,16.067
6721.1,171.70,0.571,75.352,16.086
6720.5,171.90,0.572,75.344,16.105
6721.9,172.10,0.572,75.360,16.124
6720.9,172.30,0.573,75.349,16.142
6718.7,172.50,0.574,75.324,16.161
6719.4,172.70,0.574,75.332,16.180
6720.4,172.90,0.575,75.343,16.199
6718.3,173.10,0.576,75.319,16.217
6717.5,173.30,0.576,75.310,16.235
6718.5,173.50,0.577,75.322,16.254
6718.8,173.70,0.578,75.325,16.273
6715.8,173.90,0.578,75.292,16.292
6716.6,174.10,0.579,75.300,16.311
6717.1,174.30,0.580,75.306,16.330
6715.8,174.50,0.580,75.292,16.349
6713.3,174.70,0.581,75.264,16.367
6714.0,174.90,0.582,75.271,16.386
6714.5,175.10,0.582,75.277,16.405
6711.4,175.30,0.583,75.242,16.423
6711.5,175.50,0.584,75.243,16.442
6711.5,175.70,0.584,75.244,16.461
6711.3,175.90,0.585,75.242,16.479
6708.4,176.10,0.586,75.209,16.498
6708.7,176.30,0.586,75.212,16.517
6709.5,176.50,0.587,75.221,16.537
6707.0,176.70,0.588,75.193,16.555
6705.8,176.90,0.588,75.179,16.574
6706.3,177.10,0.589,75.186,16.593
6705.0,177.30,0.590,75.170,16.612
6701.9,177.50,0.590,75.136,16.630
6702.1,177.70,0.591,75.138,16.649
6702.2,177.90,0.592,75.139,16.668
6699.1,178.10,0.592,75.104,16.686
6697.8,178.30,0.593,75.090,16.705
6698.2,178.50,0.594,75.094,16.724
6697.2,178.70,0.594,75.083,16.742
6693.6,178.90,0.595,75.043,16.761
6694.5,179.10,0.596,75.053,16.780
6693.8,179.30,0.596,75.045,16.799
6690.6,179.50,0.597,75.009,16.817
6689.8,179.70,0.598,75.000,16.837
6689.1,179.90,0.598,74.992,16.855
6687.4,180.10,0.599,74.973,16.874
6683.6,180.30,0.600,74.931,16.892
6684.3,180.50,0.600,74.938,16.911
6683.0,180.70,0.601,74.924,16.930
6680.5,180.90,0.602,74.896,16.948
6678.2,181.10,0.602,74.870,16.967
6678.8,181.30,0.603,74.877,16.986
6675.9,181.50,0.604,74.844,17.005
6673.2,181.70,0.604,74.814,17.023
6673.1,181.90,0.605,74.813,17.042
6671.6,182.10,0.606,74.796,17.061
6668.3,182.30,0.606,74.759,17.080
6665.8,182.50,0.607,74.731,17.099
6665.3,182.70,0.608,74.726,17.118
6662.6,182.90,0.608,74.695,17.137
6658.4,183.10,0.609,74.648,17.155
6658.6,183.30,0.610,74.651,17.174
6655.8,183.50,0.610,74.619,17.193
6652.2,183.70,0.611,74.578,17.211
6650.6,183.90,0.612,74.561,17.230
6649.6,184.10,0.612,74.549,17.249
6645.1,184.30,0.613,74.500,17.268
6642.1,184.50,0.614,74.465,17.287
6641.1,184.70,0.614,74.455,17.306
6637.6,184.90,0.615,74.415,17.324
6634.3,185.10,0.616,74.378,17.343
6632.2,185.30,0.616,74.354,17.362
6630.4,185.50,0.617,74.334,17.381
6625.6,185.70,0.618,74.281,17.399
6622.7,185.90,0.618,74.248,17.418
6621.2,186.10,0.619,74.231,17.437
6617.9,186.30,0.620,74.194,17.455
6613.4,186.50,0.620,74.143,17.473
6611.3,186.70,0.621,74.120,17.492
6609.9,186.90,0.622,74.104,17.511
6605.0,187.10,0.622,74.049,17.530
6600.9,187.30,0.623,74.003,17.549
6599.5,187.50,0.624,73.988,17.567
6595.2,187.70,0.624,73.940,17.586
6590.7,187.90,0.625,73.889,17.605
6586.5,188.10,0.626,73.842,17.624
6584.9,188.30,0.626,73.824,17.643
6579.5,188.50,0.627,73.764,17.662
6575.0,188.70,0.628,73.713,17.680
6571.8,188.90,0.628,73.677,17.699
6568.6,189.10,0.629,73.641,17.718
6562.8,189.30,0.630,73.577,17.736
6558.6,189.50,0.630,73.529,17.755
6556.9,189.70,0.631,73.510,17.774
6551.2,189.90,0.632,73.446,17.793
6546.4,190.10,0.632,73.392,17.812
6542.7,190.30,0.633,73.351,17.831
6539.6,190.50,0.634,73.316,17.850
6532.5,190.70,0.634,73.237,17.868
6528.6,190.90,0.635,73.193,17.887
6525.3,191.10,0.636,73.156,17.906
6519.2,191.30,0.636,73.088,17.924
6513.6,191.50,0.637,73.024,17.943
6510.4,191.70,0.638,72.989,17.962
6505.7,191.90,0.638,72.936,17.980
6499.4,192.10,0.639,72.865,17.999
6499.3,192.12,0.639,72.865,18.000
6442.9,192.40,0.639,72.232,18.010
6429.5,192.60,0.640,72.082,18.015
6422.3,192.80,0.640,72.001,18.019
6421.9,193.00,0.640,71.997,18.024
6422.5,193.20,0.640,72.003,18.029
6421.8,193.40,0.640,71.996,18.033
6424.4,193.60,0.640,72.024,18.038
6424.8,193.80,0.641,72.030,18.043
6424.4,194.00,0.641,72.025,18.047
6426.4,194.20,0.641,72.047,18.052
6426.4,194.40,0.641,72.048,18.056
6425.4,194.60,0.641,72.036,18.061
6426.6,194.80,0.641,72.050,18.066
6425.8,195.00,0.642,72.041,18.071
6423.9,195.20,0.642,72.019,18.075
6424.5,195.40,0.642,72.025,18.080
6423.3,195.60,0.642,72.012,18.085
6421.4,195.80,0.642,71.991,18.089
6422.2,196.00,0.642,72.000,18.094
6420.1,196.20,0.643,71.976,18.099
6418.3,196.40,0.643,71.957,18.104
6419.3,196.60,0.643,71.967,18.109
6416.2,196.80,0.643,71.933,18.113
6414.9,197.00,0.643,71.918,18.117
6415.9,197.20,0.643,71.929,18.122
6413.2,197.40,0.644,71.899,18.127
6412.3,197.60,0.644,71.889,18.132
6412.4,197.80,0.644,71.890,18.136
6409.4,198.00,0.644,71.856,18.141
6408.9,198.20,0.644,71.850,18.146
6407.9,198.40,0.644,71.840,18.150
6405.3,198.60,0.645,71.810,18.155
6404.9,198.80,0.645,71.806,18.160
6404.5,199.00,0.645,71.802,18.165
6401.8,199.20,0.645,71.771,18.169
6401.3,199.40,0.645,71.766,18.174
6401.0,199.60,0.645,71.763,18.178
6398.0,199.80,0.645,71.729,18.183
6397.7,200.00,0.646,71.725,18.188
6397.0,200.20,0.646,71.717,18.192
6394.0,200.40,0.646,71.684,18.197
6394.0,200.60,0.646,71.684,18.202
6392.7,200.80,0.646,71.669,18.207
6389.9,201.00,0.646,71.638,18.211
6390.3,201.20,0.647,71.642,18.216
6388.0,201.40,0.647,71.617,18.221
6385.6,201.60,0.647,71.590,18.225
6386.4,201.80,0.647,71.599,18.230
6384.3,202.00,0.647,71.575,18.234
6382.2,202.20,0.648,71.551,18.239
6382.8,202.40,0.648,71.558,18.244
6380.3,202.60,0.648,71.531,18.248
6378.6,202.80,0.648,71.511,18.253
6378.2,203.00,0.648,71.506,18.258
6375.7,203.20,0.648,71.479,18.263
6374.5,203.40,0.649,71.465,18.268
6374.5,203.60,0.649,71.465,18.272
6372.1,203.80,0.649,71.438,18.277
6371.0,204.00,0.649,71.426,18.282
6371.2,204.20,0.649,71.428,18.287
6367.8,204.40,0.649,71.390,18.291
6366.3,204.60,0.650,71.373,18.296
6366.6,204.80,0.650,71.376,18.300
6363.1,205.00,0.650,71.338,18.305
6362.2,205.20,0.650,71.328,18.310
6361.7,205.40,0.650,71.322,18.315
6358.7,205.60,0.650,71.288,18.319
6358.7,205.80,0.651,71.288,18.324
6357.2,206.00,0.651,71.271,18.329
6354.0,206.20,0.651,71.235,18.333
6354.1,206.40,0.651,71.236,18.338
6352.9,206.60,0.651,71.223,18.343
6350.2,206.80,0.651,71.193,18.348
6350.0,207.00,0.652,71.191,18.353
6348.2,207.20,0.652,71.171,18.357
6345.8,207.40,0.652,71.144,18.361
6345.4,207.60,0.652,71.139,18.366
6343.6,207.80,0.652,71.119,18.371
6341.0,208.00,0.652,71.090,18.376
6341.1,208.20,0.653,71.091,18.380
6339.3,208.40,0.653,71.071,18.385
6337.2,208.60,0.653,71.047,18.390
6337.5,208.80,0.653,71.050,18.395
6334.4,209.00,0.653,71.016,18.399
6332.1,209.20,0.653,70.990,18.404
6332.6,209.40,0.654,70.995,18.409
6329.4,209.60,0.654,70.959,18.413
6327.4,209.80,0.654,70.938,18.418
6327.7,210.00,0.654,70.940,18.422
6324.6,210.20,0.654,70.905,18.427
6323.4,210.40,0.654,70.893,18.432
6322.8,210.60,0.655,70.886,18.437
6319.7,210.80,0.655,70.850,18.441
6318.9,211.00,0.655,70.842,18.446
6318.3,211.20,0.655,70.835,18.451
6315.3,211.40,0.655,70.802,18.455
6314.6,211.60,0.655,70.793,18.460
6313.8,211.80,0.655,70.785,18.465
6310.6,212.00,0.656,70.748,18.469
6309.7,212.20,0.656,70.738,18.474
6308.9,212.40,0.656,70.730,18.478
6306.1,212.60,0.656,70.698,18.483
6305.6,212.80,0.656,70.693,18.488
6304.3,213.00,0.656,70.678,18.492
6301.0,213.20,0.657,70.641,18.497
6300.9,213.40,0.657,70.641,18.502
6298.9,213.60,0.657,70.617,18.507
6295.5,213.80,0.657,70.580,18.511
6295.7,214.00,0.657,70.582,18.516
6293.4,214.20,0.657,70.556,18.521
6291.1,214.40,0.658,70.530,18.525
6291.5,214.60,0.658,70.535,18.530
6288.7,214.80,0.658,70.503,18.534
6286.7,215.00,0.658,70.481,18.539
6286.5,215.20,0.658,70.479,18.544
6283.6,215.40,0.658,70.446,18.548
6282.0,215.60,0.659,70.428,18.553
6281.7,215.80,0.659,70.425,18.558
6279.0,216.00,0.659,70.395,18.562
6277.3,216.20,0.659,70.376,18.567
6277.3,216.40,0.659,70.375,18.572
6274.3,216.60,0.659,70.341,18.577
6272.6,216.80,0.660,70.323,18.582
6272.1,217.00,0.660,70.317,18.586
6268.7,217.20,0.660,70.279,18.590
6267.5,217.40,0.660,70.266,18.595
6267.3,217.60,0.660,70.263,18.600
6263.5,217.80,0.660,70.221,18.605
6262.8,218.00,0.661,70.213,18.610
6261.6,218.20,0.661,70.200,18.614
6258.1,218.40,0.661,70.161,18.619
6257.8,218.60,0.661,70.157,18.624
6256.4,218.80,0.661,70.141,18.628
6252.7,219.00,0.661,70.099,18.633
6252.4,219.20,0.662,70.096,18.638
6250.4,219.40,0.662,70.074,18.642
6247.4,219.60,0.662,70.041,18.647
6246.9,219.80,0.662,70.035,18.652
6244.6,220.00,0.662,70.009,18.656
6242.0,220.20,0.662,69.980,18.661
6241.6,220.40,0.663,69.975,18.666
6239.8,220.60,0.663,69.955,18.670
6237.0,220.80,0.663,69.924,18.675
6237.1,221.00,0.663,69.925,18.680
6234.9,221.20,0.663,69.900,18.684
6232.0,221.40,0.663,69.867,18.689
6231.8,221.60,0.664,69.866,18.694
6228.7,221.80,0.664,69.831,18.699
6226.2,222.00,0.664,69.803,18.703
6226.2,222.20,0.664,69.802,18.708
6222.9,222.40,0.664,69.765,18.712
6221.2,222.60,0.664,69.746,18.717
6220.6,222.80,0.665,69.740,18.722
6216.8,223.00,0.665,69.698,18.726
6215.4,223.20,0.665,69.682,18.731
6215.2,223.40,0.665,69.679,18.736
6211.8,223.60,0.665,69.641,18.741
6210.7,223.80,0.665,69.629,18.745
6209.3,224.00,0.666,69.613,18.750
6205.9,224.20,0.666,69.575,18.755
6204.9,224.40,0.666,69.564,18.760
6203.4,224.60,0.666,69.547,18.764
6200.1,224.80,0.666,69.510,18.768
6199.3,225.00,0.666,69.501,18.773
6198.1,225.20,0.667,69.488,18.778
6194.9,225.40,0.667,69.452,18.783
6194.4,225.60,0.667,69.446,18.788
6192.7,225.80,0.667,69.427,18.792
6189.0,226.00,0.667,69.385,18.797
6188.7,226.20,0.667,69.382,18.802
6186.8,226.40,0.668,69.361,18.807
6183.4,226.60,0.668,69.323,18.811
6183.3,226.80,0.668,69.322,18.816
6180.6,227.00,0.668,69.291,18.821
6177.8,227.20,0.668,69.260,18.826
6177.7,227.40,0.668,69.259,18.831
6174.2,227.60,0.669,69.220,18.835
6172.0,227.80,0.669,69.195,18.839
6171.7,228.00,0.669,69.192,18.844
6168.6,228.20,0.669,69.157,18.849
6166.4,228.40,0.669,69.132,18.854
6165.9,228.60,0.669,69.126,18.858
6162.4,228.80,0.670,69.088,18.863
6160.4,229.00,0.670,69.065,18.868
6159.2,229.20,0.670,69.051,18.873
6156.1,229.40,0.670,69.017,18.877
6154.8,229.60,0.670,69.002,18.882
6154.1,229.80,0.670,68.994,18.887
6150.3,230.00,0.671,68.952,18.892
6148.8,230.20,0.671,68.935,18.896
6147.9,230.40,0.671,68.925,18.901
6143.8,230.60,0.671,68.879,18.905
6142.2,230.80,0.671,68.861,18.910
6141.0,231.00,0.671,68.848,18.915
6137.3,231.20,0.672,68.805,18.919
6136.7,231.40,0.672,68.800,18.925
6134.6,231.60,0.672,68.776,18.929
6131.0,231.80,0.672,68.736,18.934
6130.6,232.00,0.672,68.730,18.939
6127.6,232.20,0.672,68.698,18.943
6124.4,232.40,0.673,68.662,18.948
6124.0,232.60,0.673,68.657,18.953
6121.6,232.80,0.673,68.630,18.957
6118.7,233.00,0.673,68.598,18.961
6118.4,233.20,0.673,68.594,18.967
6115.6,233.40,0.673,68.563,18.971
6112.4,233.60,0.674,68.527,18.976
6111.5,233.80,0.674,68.517,18.981
6108.6,234.00,0.674,68.484,18.985
6106.0,234.20,0.674,68.456,18.990
6105.9,234.40,0.674,68.454,18.995
6102.6,234.60,0.674,68.417,18.999
6100.2,234.80,0.675,68.390,19.004
6099.7,235.00,0.675,68.384,19.009
6095.6,235.20,0.675,68.339,19.013
6093.7,235.40,0.675,68.318,19.018
6093.4,235.60,0.675,68.314,19.023
6089.4,235.80,0.675,68.269,19.027
6087.9,236.00,0.676,68.252,19.032
6086.7,236.20,0.676,68.239,19.037
6082.6,236.40,0.676,68.193,19.041
6081.5,236.60,0.676,68.180,19.046
6079.4,236.80,0.676,68.157,19.051
6076.0,237.00,0.676,68.119,19.056
6075.0,237.20,0.677,68.108,19.060
6073.3,237.40,0.677,68.089,19.065
6069.8,237.60,0.677,68.049,19.070
6068.6,237.80,0.677,68.035,19.075
6066.9,238.00,0.677,68.016,19.079
6063.4,238.20,0.677,67.977,19.083
6062.5,238.40,0.678,67.967,19.089
6060.0,238.60,0.678,67.939,19.093
6056.2,238.80,0.678,67.897,19.098
6055.3,239.00,0.678,67.887,19.103
6052.5,239.20,0.678,67.855,19.107
6049.1,239.40,0.678,67.817,19.112
6049.0,239.60,0.679,67.817,19.117
6045.3,239.80,0.679,67.774,19.121
6042.3,240.00,0.679,67.741,19.126
6042.3,240.20,0.679,67.741,19.131
6038.8,240.40,0.679,67.702,19.136
6036.2,240.60,0.679,67.673,19.140
6035.6,240.80,0.680,67.665,19.145
6031.7,241.00,0.680,67.622,19.149
6029.9,241.20,0.680,67.602,19.154
6028.5,241.40,0.680,67.586,19.159
6024.5,241.60,0.680,67.542,19.163
6022.5,241.80,0.680,67.518,19.168
6021.0,242.00,0.681,67.502,19.173
6017.1,242.20,0.681,67.459,19.178
6015.5,242.40,0.681,67.440,19.182
6014.5,242.60,0.681,67.429,19.187
6009.9,242.80,0.681,67.378,19.192
6007.8,243.00,0.681,67.354,19.197
6006.7,243.20,0.682,67.342,19.201
6002.6,243.40,0.682,67.296,19.205
6001.5,243.60,0.682,67.283,19.210
5999.7,243.80,0.682,67.264,19.215
5995.8,244.00,0.682,67.219,19.220
5995.2,244.20,0.682,67.213,19.225
5992.2,244.40,0.683,67.179,19.229
5988.3,244.60,0.683,67.136,19.234
5987.7,244.80,0.683,67.129,19.239
5984.9,245.00,0.683,67.097,19.243
5981.4,245.20,0.683,67.058,19.248
5980.8,245.40,0.683,67.051,19.253
5977.6,245.60,0.684,67.015,19.257
5974.5,245.80,0.684,66.981,19.262
5973.3,246.00,0.684,66.968,19.266
5970.2,246.20,0.684,66.933,19.271
5967.3,246.40,0.684,66.900,19.276
5966.7,246.60,0.684,66.894,19.281
5963.7,246.80,0.685,66.860,19.285
5960.7,247.00,0.685,66.826,19.290
5960.1,247.20,0.685,66.820,19.295
5955.9,247.40,0.685,66.772,19.300
5952.8,247.60,0.685,66.738,19.304
5952.0,247.80,0.685,66.729,19.309
5947.8,248.00,0.686,66.681,19.314
5945.5,248.20,0.686,66.656,19.319
5944.4,248.40,0.686,66.643,19.324
5939.8,248.60,0.686,66.592,19.328
5938.4,248.80,0.686,66.576,19.333
5936.1,249.00,0.686,66.550,19.337
5932.0,249.20,0.687,66.504,19.342
5930.8,249.40,0.687,66.491,19.347
5928.8,249.60,0.687,66.468,19.351
5924.9,249.80,0.687,66.425,19.356
5923.5,250.00,0.687,66.409,19.361
5921.0,250.20,0.687,66.381,19.366
5916.7,250.40,0.688,66.332,19.371
5915.1,250.60,0.688,66.315,19.375
5912.4,250.80,0.688,66.284,19.380
5908.5,251.00,0.688,66.241,19.384
5907.4,251.20,0.688,66.228,19.389
5904.7,251.40,0.688,66.199,19.394
5901.0,251.60,0.689,66.157,19.398
5900.5,251.80,0.689,66.151,19.403
5896.9,252.00,0.689,66.111,19.408
5893.1,252.20,0.689,66.068,19.413
5892.6,252.40,0.689,66.063,19.418
5888.8,252.60,0.689,66.020,19.422
5885.5,252.80,0.690,65.983,19.427
5884.8,253.00,0.690,65.975,19.432
5880.7,253.20,0.690,65.930,19.436
5878.2,253.40,0.690,65.901,19.441
5876.4,253.60,0.690,65.881,19.446
5872.1,253.80,0.690,65.832,19.450
5869.4,254.00,0.691,65.803,19.455
5868.3,254.20,0.691,65.790,19.460
5864.2,254.40,0.691,65.744,19.464
5861.8,254.60,0.691,65.717,19.469
5860.3,254.80,0.691,65.700,19.474
5856.1,255.00,0.691,65.653,19.479
5854.0,255.20,0.692,65.630,19.484
5852.3,255.40,0.692,65.610,19.488
5847.7,255.60,0.692,65.559,19.493
5845.8,255.80,0.692,65.537,19.498
5843.7,256.00,0.692,65.515,19.503
5839.2,256.20,0.693,65.464,19.507
5837.7,256.40,0.693,65.448,19.512
5834.9,256.60,0.693,65.416,19.516
5830.5,256.80,0.693,65.366,19.521
5829.5,257.00,0.693,65.356,19.526
5826.6,257.20,0.693,65.323,19.530
5822.4,257.40,0.693,65.276,19.535
5821.6,257.60,0.694,65.267,19.540
5817.7,257.80,0.694,65.223,19.545
5813.9,258.00,0.694,65.180,19.549
5812.6,258.20,0.694,65.166,19.554
5808.9,258.40,0.694,65.124,19.559
5805.8,258.60,0.695,65.090,19.564
5804.4,258.80,0.695,65.074,19.568
5800.8,259.00,0.695,65.033,19.572
5797.6,259.20,0.695,64.998,19.577
5796.3,259.40,0.695,64.983,19.582
5791.7,259.60,0.695,64.932,19.587
5788.6,259.80,0.695,64.896,19.591
5787.3,260.00,0.696,64.883,19.596
5782.8,260.20,0.696,64.832,19.601
5780.1,260.40,0.696,64.801,19.606
5778.6,260.60,0.696,64.785,19.611
5773.9,260.80,0.696,64.732,19.615
5771.7,261.00,0.697,64.707,19.620
5769.8,261.20,0.697,64.686,19.625
5764.8,261.40,0.697,64.630,19.629
5762.9,261.60,0.697,64.609,19.634
5761.1,261.80,0.697,64.588,19.638
5756.5,262.00,0.697,64.537,19.643
5755.1,262.20,0.698,64.522,19.648
5752.2,262.40,0.698,64.488,19.653
5747.8,262.60,0.698,64.439,19.657
5745.9,262.80,0.698,64.418,19.662
5742.8,263.00,0.698,64.383,19.667
5738.8,263.20,0.698,64.338,19.671
5737.2,263.40,0.699,64.320,19.676
5734.2,263.60,0.699,64.287,19.681
5730.3,263.80,0.699,64.243,19.686
5729.2,264.00,0.699,64.230,19.691
5725.7,264.20,0.699,64.191,19.695
5721.2,264.40,0.699,64.141,19.700
5719.5,264.60,0.700,64.122,19.705
5715.4,264.80,0.700,64.076,19.709
5711.3,265.00,0.700,64.030,19.714
5710.3,265.20,0.700,64.019,19.719
5705.7,265.40,0.700,63.968,19.723
5702.0,265.60,0.700,63.926,19.728
5700.9,265.80,0.701,63.913,19.733
5695.9,266.00,0.701,63.858,19.737
5693.3,266.20,0.701,63.828,19.742
5691.6,266.40,0.701,63.809,19.747
5686.9,266.60,0.701,63.757,19.751
5684.6,266.80,0.701,63.731,19.757
5682.8,267.00,0.702,63.711,19.761
5678.0,267.20,0.702,63.656,19.765
5675.3,267.40,0.702,63.627,19.770
5672.6,267.60,0.702,63.596,19.775
5668.0,267.80,0.702,63.545,19.780
5666.0,268.00,0.702,63.522,19.784
5663.5,268.20,0.703,63.494,19.789
5658.7,268.40,0.703,63.440,19.794
5656.5,268.60,0.703,63.416,19.799
5654.1,268.80,0.703,63.389,19.803
5649.1,269.00,0.703,63.332,19.808
5647.4,269.20,0.703,63.314,19.813
5644.6,269.40,0.704,63.283,19.818
5639.7,269.60,0.704,63.228,19.822
5638.4,269.80,0.704,63.213,19.827
5634.6,270.00,0.704,63.171,19.831
5630.2,270.20,0.704,63.121,19.836
5628.9,270.40,0.704,63.106,19.841
5624.1,270.60,0.705,63.053,19.845
5620.3,270.80,0.705,63.009,19.850
5618.7,271.00,0.705,62.992,19.855
5614.7,271.20,0.705,62.947,19.860
5610.8,271.40,0.705,62.903,19.865
5609.0,271.60,0.705,62.883,19.869
5604.5,271.80,0.706,62.833,19.874
5601.0,272.00,0.706,62.793,19.879
5598.9,272.20,0.706,62.770,19.884
5594.7,272.40,0.706,62.723,19.888
5591.4,272.60,0.706,62.685,19.893
5589.4,272.80,0.706,62.663,19.898
5584.3,273.00,0.707,62.606,19.902
5581.0,273.20,0.707,62.569,19.907
5579.1,273.40,0.707,62.547,19.912
5573.5,273.60,0.707,62.485,19.916
5570.6,273.80,0.707,62.453,19.921
5568.7,274.00,0.707,62.431,19.926
5563.3,274.20,0.708,62.371,19.931
5561.0,274.40,0.708,62.345,19.936
5558.0,274.60,0.708,62.311,19.940
5552.9,274.80,0.708,62.254,19.945
5550.9,275.00,0.708,62.232,19.950
5547.2,275.20,0.708,62.190,19.955
5542.5,275.40,0.709,62.138,19.959
5540.5,275.60,0.709,62.116,19.964
5537.0,275.80,0.709,62.076,19.968
5532.3,276.00,0.709,62.023,19.973
5530.5,276.20,0.709,62.003,19.978
5526.7,276.40,0.709,61.961,19.983
5521.9,276.60,0.710,61.906,19.987
5519.9,276.80,0.710,61.884,19.992
5515.8,277.00,0.710,61.839,19.997
5511.5,277.20,0.710,61.791,20.002
5509.7,277.40,0.710,61.770,20.007
5505.0,277.60,0.710,61.717,20.011
5501.0,277.80,0.711,61.672,20.016
5499.7,278.00,0.711,61.658,20.021
5494.2,278.20,0.711,61.596,20.025
5490.3,278.40,0.711,61.552,20.030
5488.7,278.60,0.711,61.535,20.035
5483.6,278.80,0.711,61.477,20.039
5480.5,279.00,0.712,61.443,20.044
5478.1,279.20,0.712,61.415,20.049
5472.6,279.40,0.712,61.354,20.053
5469.7,279.60,0.712,61.321,20.058
5466.5,279.80,0.712,61.285,20.063
5461.4,280.00,0.712,61.228,20.067
5458.5,280.20,0.713,61.196,20.072
5455.7,280.40,0.713,61.164,20.077
5450.7,280.60,0.713,61.108,20.082
5447.9,280.80,0.713,61.077,20.087
5445.5,281.00,0.713,61.050,20.091
5439.9,281.20,0.713,60.987,20.096
5436.9,281.40,0.714,60.954,20.100
5433.6,281.60,0.714,60.917,20.105
5428.0,281.80,0.714,60.854,20.110
5425.8,282.00,0.714,60.830,20.115
5422.3,282.20,0.714,60.790,20.119
5417.0,282.40,0.714,60.731,20.124
5415.3,282.60,0.715,60.711,20.129
5410.5,282.80,0.715,60.658,20.134
5405.9,283.00,0.715,60.606,20.138
5404.3,283.20,0.715,60.588,20.143
5399.3,283.40,0.715,60.533,20.147
5395.0,283.60,0.715,60.484,20.152
5393.1,283.80,0.716,60.463,20.157
5388.1,284.00,0.716,60.407,20.161
5384.3,284.20,0.716,60.365,20.166
5381.4,284.40,0.716,60.332,20.171
5376.4,284.60,0.716,60.275,20.176
5372.5,284.80,0.716,60.232,20.180
5370.1,285.00,0.717,60.205,20.185
5364.7,285.20,0.717,60.144,20.190
5360.8,285.40,0.717,60.101,20.195
5358.7,285.60,0.717,60.077,20.200
5352.8,285.80,0.717,60.011,20.204
5349.1,286.00,0.717,59.970,20.209
5346.8,286.20,0.718,59.943,20.213
5340.8,286.40,0.718,59.877,20.218
5337.5,286.60,0.718,59.840,20.223
5334.6,286.80,0.718,59.807,20.227
5329.0,287.00,0.718,59.744,20.232
5326.5,287.20,0.718,59.716,20.237
5322.3,287.40,0.719,59.668,20.242
5316.8,287.60,0.719,59.608,20.246
5314.5,287.80,0.719,59.581,20.251
5310.5,288.00,0.719,59.537,20.256
5305.2,288.20,0.719,59.477,20.260
5302.6,288.40,0.719,59.448,20.265
5298.2,288.60,0.720,59.399,20.270
5293.2,288.80,0.720,59.343,20.274
5290.2,289.00,0.720,59.310,20.279
5285.9,289.20,0.720,59.260,20.284
5281.1,289.40,0.720,59.207,20.288
5278.9,289.60,0.720,59.182,20.293
5274.5,289.80,0.721,59.134,20.298
5269.7,290.00,0.721,59.079,20.303
5267.4,290.20,0.721,59.053,20.308
5261.4,290.40,0.721,58.986,20.312
5256.6,290.60,0.721,58.932,20.317
5254.5,290.80,0.721,58.909,20.322
5248.7,291.00,0.722,58.843,20.326
5244.4,291.20,0.722,58.795,20.331
5242.1,291.40,0.722,58.769,20.335
5236.3,291.60,0.722,58.705,20.340
5232.8,291.80,0.722,58.665,20.345
5229.2,292.00,0.722,58.626,20.350
5223.2,292.20,0.723,58.558,20.354
5219.9,292.40,0.723,58.521,20.359
5216.7,292.60,0.723,58.485,20.364
5210.9,292.80,0.723,58.420,20.369
5207.2,293.00,0.723,58.379,20.373
5203.6,293.20,0.723,58.339,20.378
5197.7,293.40,0.724,58.272,20.383
5194.0,293.60,0.724,58.231,20.388
5190.2,293.80,0.724,58.188,20.392
5184.5,294.00,0.724,58.124,20.397
5181.3,294.20,0.724,58.088,20.402
5177.2,294.40,0.724,58.042,20.406
5171.4,294.60,0.725,57.977,20.411
5169.0,294.80,0.725,57.950,20.416
5164.1,295.00,0.725,57.896,20.421
5158.3,295.20,0.725,57.830,20.425
5155.7,295.40,0.725,57.802,20.430
5150.6,295.60,0.725,57.744,20.435
5145.3,295.80,0.726,57.685,20.439
5142.8,296.00,0.726,57.656,20.444
5136.7,296.20,0.726,57.588,20.449
5132.1,296.40,0.726,57.536,20.454
5129.0,296.60,0.726,57.501,20.459
5123.1,296.80,0.726,57.436,20.463
5118.6,297.00,0.727,57.386,20.467
5115.5,297.20,0.727,57.351,20.472
5109.7,297.40,0.727,57.285,20.477
5105.4,297.60,0.727,57.238,20.482
5102.5,297.80,0.727,57.205,20.487
5096.3,298.00,0.727,57.135,20.491
5092.1,298.20,0.728,57.088,20.496
5088.9,298.40,0.728,57.052,20.501
5082.4,298.60,0.728,56.979,20.505
5078.0,298.80,0.728,56.930,20.510
5074.5,299.00,0.728,56.891,20.515
5068.0,299.20,0.728,56.818,20.520
5064.3,299.40,0.729,56.777,20.525
5060.2,299.60,0.729,56.730,20.529
5053.7,299.80,0.729,56.658,20.533
5050.6,300.00,0.729,56.623,20.538
5046.1,300.20,0.729,56.573,20.543
5040.0,300.40,0.729,56.504,20.547
5036.9,300.60,0.730,56.469,20.553
5031.9,300.80,0.730,56.414,20.557
5025.9,301.00,0.730,56.346,20.562
5022.4,301.20,0.730,56.307,20.567
5016.9,301.40,0.730,56.245,20.571
5011.3,301.60,0.730,56.183,20.576
5008.4,301.80,0.731,56.150,20.581
5002.8,302.00,0.731,56.087,20.586
4996.9,302.20,0.731,56.020,20.590
4993.8,302.40,0.731,55.986,20.595
4987.9,302.60,0.731,55.920,20.599
4982.4,302.80,0.731,55.858,20.604
4979.1,303.00,0.732,55.821,20.609
4972.5,303.20,0.732,55.748,20.614
4967.2,303.40,0.732,55.688,20.618
4964.4,303.60,0.732,55.656,20.623
4957.8,303.80,0.732,55.582,20.628
4952.9,304.00,0.732,55.527,20.633
4949.4,304.20,0.733,55.488,20.637
4942.4,304.40,0.733,55.410,20.642
4937.8,304.60,0.733,55.359,20.647
4934.0,304.80,0.733,55.316,20.652
4927.2,305.00,0.733,55.240,20.656
4923.1,305.20,0.733,55.193,20.661
4918.3,305.40,0.734,55.139,20.665
4911.6,305.60,0.734,55.065,20.670
4907.4,305.80,0.734,55.017,20.675
4902.5,306.00,0.734,54.963,20.679
4896.0,306.20,0.734,54.890,20.684
4891.8,306.40,0.734,54.843,20.689
4887.1,306.60,0.735,54.790,20.694
4880.7,306.80,0.735,54.718,20.698
4876.6,307.00,0.735,54.672,20.703
4871.1,307.20,0.735,54.610,20.708
4864.1,307.40,0.735,54.531,20.713
4860.4,307.60,0.735,54.490,20.718
4854.4,307.80,0.736,54.424,20.722
4847.7,308.00,0.736,54.349,20.726
4844.2,308.20,0.736,54.309,20.731
4837.6,308.40,0.736,54.235,20.736
4831.6,308.60,0.736,54.167,20.741
4827.9,308.80,0.736,54.127,20.746
4820.6,309.00,0.737,54.044,20.750
4814.8,309.20,0.737,53.979,20.755
4811.0,309.40,0.737,53.936,20.760
4804.1,309.60,0.737,53.860,20.764
4798.3,309.80,0.737,53.795,20.769
4794.0,310.00,0.737,53.746,20.774
4786.7,310.20,0.738,53.664,20.778
4780.9,310.40,0.738,53.600,20.783
4776.0,310.60,0.738,53.544,20.788
4768.3,310.80,0.738,53.458,20.792
4762.5,311.00,0.738,53.393,20.797
4757.4,311.20,0.738,53.336,20.802
4749.0,311.40,0.739,53.242,20.806
4742.2,311.60,0.739,53.166,20.811
4733.2,311.80,0.739,53.065,20.816
-439.2,311.88,0.740,-4.924,20.831


